7 0.121424 0.064737 0.121636 0.02045
7 0.524548 0.144059 0.0895 0.017196
7 0.12798 0.473852 0.134747 0.017041
7 0.140338 0.491414 0.159463 0.017196
7 0.620598 0.53412 0.281599 0.017041
3 0.692915 0.629779 0.395931 0.030969
3 0.668131 0.659817 0.346364 0.014819
3 0.683072 0.689856 0.376246 0.030969
3 0.681751 0.72797 0.373603 0.030969
3 0.682172 0.766083 0.374444 0.030969
3 0.69006 0.812272 0.390221 0.047119
3 0.680909 0.858461 0.371919 0.030969
3 0.693114 0.896574 0.39633 0.030969
4 0.075109 0.948499 0.029007 0.015904
9 0.679049 0.575515 0.398502 0.063269
9 0.267803 0.566927 0.414394 0.127868
9 0.263502 0.696126 0.405791 0.095568
9 0.261406 0.809175 0.401599 0.095568
9 0.266322 0.897999 0.411431 0.047119
9 0.687391 0.405295 0.415185 0.208618
9 0.267563 0.393477 0.413914 0.111718
9 0.267206 0.272353 0.4132 0.095568
9 0.683343 0.219572 0.407091 0.127868
9 0.681705 0.087146 0.403813 0.063269
9 0.267548 0.143154 0.413884 0.127868
