5 0.27156 0.075286 0.352644 0.010568
5 0.809095 0.075286 0.191335 0.010568
7 0.30117 0.112157 0.411865 0.01278
7 0.412623 0.190502 0.634769 0.01278
4 0.5 0.930613 0.025105 0.010651
9 0.465531 0.146127 0.740586 0.024851
9 0.500427 0.238673 0.810378 0.053253
9 0.224956 0.278307 0.259437 0.010651
9 0.182872 0.421835 0.175268 0.010651
9 0.144997 0.551163 0.099517 0.010651
9 0.167307 0.60949 0.144137 0.010651
9 0.256095 0.753018 0.321714 0.010651
9 0.313042 0.882348 0.435608 0.010651
9 0.1598 0.900679 0.129124 0.010651
8 0.231118 0.350179 0.133603 0.095915
8 0.231374 0.681175 0.134115 0.096277
8 0.39825 0.486088 0.467867 0.081799
8 0.399018 0.817446 0.468379 0.082885
9 0.235824 0.580073 0.140589 0.009976
