5 0.264572 0.075286 0.338669 0.010568
5 0.807078 0.075286 0.195368 0.010568
9 0.50077 0.126908 0.811064 0.039051
9 0.489824 0.173972 0.789173 0.039052
9 0.498653 0.228136 0.80683 0.053251
9 0.5 0.328542 0.809525 0.039051
9 0.474519 0.368507 0.758561 0.024851
9 0.493607 0.613202 0.796738 0.053252
9 0.492766 0.695767 0.795056 0.095853
9 0.49544 0.764131 0.800403 0.024852
4 0.5 0.930613 0.025105 0.010651
9 0.332471 0.850724 0.404176 0.10938
9 0.376405 0.4835 0.492044 0.16618
7 0.218247 0.28714 0.246018 0.01278
