7 0.187311 0.243047 0.184145 0.022089
7 0.269291 0.305807 0.348106 0.026498
7 0.218087 0.419637 0.245697 0.015336
7 0.324025 0.504289 0.457574 0.01278
7 0.27933 0.735488 0.368184 0.01278
9 0.237484 0.376178 0.284492 0.010651
9 0.461782 0.459132 0.733087 0.024852
9 0.48684 0.545962 0.783203 0.039051
9 0.497858 0.607496 0.80524 0.067453
9 0.484649 0.676132 0.778823 0.053252
9 0.347637 0.762961 0.504798 0.010651
9 0.492235 0.874197 0.793993 0.024851
9 0.452607 0.900231 0.714737 0.010651
9 0.4939 0.926265 0.797323 0.024852
4 0.5 0.970427 0.033474 0.010651
9 0.178713 0.814774 0.131802 0.052578
