0 0.261913 0.203687 0.401671 0.013969
0 0.263269 0.398506 0.405326 0.013969
0 0.683055 0.4737 0.406514 0.013969
0 0.264318 0.862537 0.406481 0.013969
7 0.189192 0.431271 0.257172 0.014651
9 0.267465 0.474145 0.413719 0.063269
9 0.266322 0.554895 0.411433 0.063269
9 0.686673 0.52452 0.413751 0.047119
9 0.686463 0.613344 0.41333 0.095568
9 0.687086 0.710244 0.414575 0.063269
9 0.67823 0.802298 0.396869 0.047119
9 0.685671 0.858822 0.411751 0.030969
4 0.084467 0.948499 0.047727 0.015904
7 0.537159 0.76716 0.114722 0.017196
6 0.260189 0.119887 0.399335 0.132591
6 0.260189 0.305673 0.399335 0.146088
6 0.260189 0.72369 0.399335 0.240568
6 0.679956 0.254661 0.399853 0.40055
