8 0.53091 0.276465 0.824725 0.44156
0 0.222847 0.51264 0.201115 0.013969
7 0.211749 0.547155 0.181074 0.017196
7 0.608571 0.667289 0.136333 0.017196
7 0.640719 0.767418 0.20063 0.017196
7 0.189638 0.857232 0.136852 0.017196
4 0.929571 0.948499 0.029007 0.015904
9 0.32082 0.622668 0.399215 0.127868
9 0.327456 0.768016 0.412488 0.127868
9 0.325019 0.89237 0.407613 0.047119
9 0.745699 0.891381 0.410589 0.063269
9 0.745008 0.810631 0.409209 0.063269
9 0.736484 0.710502 0.39216 0.063269
3 0.660025 0.546737 0.208939 0.014819
3 0.707694 0.568701 0.304276 0.014819
3 0.712854 0.590665 0.314596 0.014819
3 0.744419 0.612629 0.377727 0.014819
3 0.688763 0.634593 0.266414 0.014819
