5 0.809095 0.075286 0.191335 0.010568
5 0.171056 0.075286 0.151635 0.010568
7 0.222063 0.112157 0.25365 0.01278
7 0.420195 0.189179 0.649914 0.01278
7 0.286762 0.598083 0.383048 0.01278
7 0.245289 0.758766 0.300102 0.01278
4 0.5 0.930613 0.025105 0.010651
9 0.491353 0.893579 0.792229 0.024851
9 0.329796 0.83122 0.469117 0.010651
9 0.489623 0.799262 0.78877 0.039052
9 0.310976 0.72224 0.431475 0.010651
9 0.496203 0.631479 0.80193 0.024851
9 0.490387 0.526827 0.790297 0.024851
9 0.498984 0.487769 0.807492 0.039052
9 0.490345 0.448711 0.790214 0.024852
9 0.425017 0.372152 0.659557 0.010651
9 0.175424 0.316892 0.160372 0.010651
9 0.198596 0.261634 0.206716 0.010651
9 0.493667 0.229676 0.796858 0.039051
9 0.47917 0.145552 0.767864 0.024851
2 0.218253 0.858595 0.210883 0.009976
2 0.235825 0.561302 0.210883 0.009976
9 0.253399 0.289009 0.246031 0.009976
9 0.262177 0.344268 0.263587 0.009976
8 0.377781 0.682332 0.516558 0.049063
9 0.262177 0.406627 0.263587 0.024176
