5 0.278209 0.078931 0.439404 0.012883
7 0.194416 0.122169 0.27057 0.01604
7 0.359019 0.264013 0.599776 0.01604
8 0.470086 0.180229 0.823946 0.079917
7 0.212456 0.292073 0.307727 0.011341
9 0.261555 0.331619 0.40812 0.062352
9 0.261552 0.426182 0.408113 0.114362
9 0.260673 0.533747 0.404161 0.088357
9 0.260164 0.608802 0.405338 0.049343
9 0.68284 0.318617 0.407552 0.062352
9 0.682795 0.393672 0.407461 0.075348
9 0.683294 0.481737 0.40846 0.088357
9 0.683792 0.5763 0.407262 0.088357
4 0.2271 0.96417 0.339367 0.024851
