5 0.955479 0.031878 0.011325 0.007515
9 0.310405 0.106682 0.406902 0.049395
9 0.310974 0.172009 0.40804 0.062461
9 0.315106 0.276531 0.416304 0.101657
9 0.315491 0.374521 0.417074 0.075526
9 0.314073 0.452913 0.414238 0.062461
9 0.301998 0.54437 0.390088 0.075526
9 0.306677 0.609697 0.399445 0.03633
6 0.606399 0.24974 0.131352 0.069095
6 0.60581 0.327784 0.131352 0.069511
6 0.606104 0.14256 0.130763 0.125286
7 0.155 0.217737 0.096091 0.0102
7 0.248808 0.498642 0.283708 0.0102
7 0.806521 0.087129 0.236686 0.0102
9 0.815914 0.13939 0.25547 0.088591
9 0.823972 0.224315 0.271587 0.062461
9 0.821722 0.309239 0.267087 0.088591
9 0.806225 0.387631 0.236092 0.049395
6 0.527196 0.827065 0.844767 0.295629
