5 0.794102 0.0818 0.064386 0.013094
5 0.315212 0.061207 0.392085 0.05428
9 0.502377 0.133478 0.766414 0.030618
9 0.50254 0.211289 0.766741 0.046579
9 0.475714 0.257677 0.713089 0.014514
9 0.363715 0.287925 0.489092 0.014514
9 0.500323 0.349774 0.762306 0.030475
9 0.502191 0.419605 0.766044 0.030475
9 0.502475 0.505491 0.766612 0.06254
9 0.489723 0.583374 0.741107 0.014514
9 0.502423 0.621638 0.766507 0.030618
4 0.311181 0.971881 0.384022 0.011832
3 0.254648 0.659048 0.210485 0.016009
3 0.394254 0.682562 0.489696 0.016009
3 0.333076 0.706077 0.367342 0.016009
3 0.329246 0.729448 0.359682 0.016009
3 0.317757 0.752963 0.336703 0.016009
3 0.294055 0.776477 0.2893 0.016009
3 0.231568 0.799849 0.164325 0.016009
3 0.316531 0.823387 0.334251 0.016009
3 0.517476 0.880748 0.736142 0.038668
7 0.215241 0.171643 0.192142 0.015776
7 0.193042 0.31818 0.147746 0.015776
7 0.164218 0.38801 0.090096 0.015776
7 0.220885 0.457864 0.20343 0.015776
7 0.167544 0.55976 0.096748 0.015776
