5 0.792201 0.075414 0.22511 0.010568
5 0.247824 0.075367 0.305172 0.010663
3 0.524085 0.204742 0.733845 0.039051
3 0.528411 0.289549 0.742498 0.053253
3 0.498307 0.381194 0.755828 0.024851
3 0.497306 0.616283 0.753826 0.024851
3 0.467159 0.863203 0.693533 0.010651
3 0.493569 0.893706 0.746352 0.024851
4 0.5 0.93074 0.025105 0.010651
3 0.528078 0.134123 0.741831 0.053275
9 0.48875 0.171871 0.629705 0.010651
9 0.532336 0.242467 0.716877 0.024875
9 0.513286 0.343589 0.752416 0.024851
9 0.413853 0.418017 0.518405 0.009976
9 0.246898 0.448248 0.219637 0.010651
9 0.431427 0.485072 0.553552 0.024176
9 0.43582 0.55055 0.562339 0.066778
9 0.176618 0.653106 0.043934 0.009976
9 0.185405 0.683084 0.061508 0.009976
9 0.246912 0.71306 0.184523 0.009976
9 0.185405 0.743038 0.061508 0.009976
9 0.185405 0.773016 0.061508 0.009976
9 0.440214 0.802993 0.571126 0.009976
9 0.176618 0.83297 0.043934 0.009976
