5 0.048956 0.018681 0.049642 0.012865
9 0.243534 0.047171 0.392308 0.020624
9 0.251083 0.084471 0.453896 0.04321
9 0.745433 0.058464 0.45443 0.04321
9 0.745229 0.183714 0.454021 0.087013
9 0.742964 0.117961 0.449492 0.032355
9 0.250654 0.244628 0.453038 0.119866
9 0.250507 0.332235 0.452744 0.04321
9 0.744947 0.3206 0.453458 0.17462
4 0.032842 0.588685 0.013541 0.008765
3 0.65948 0.52319 0.282523 0.010357
3 0.73723 0.507448 0.438023 0.010357
3 0.742833 0.481441 0.449231 0.03089
3 0.73014 0.450299 0.423845 0.020624
3 0.743594 0.424291 0.450753 0.020624
3 0.24746 0.375354 0.44665 0.03089
3 0.242474 0.416762 0.436678 0.041156
3 0.242618 0.463303 0.436966 0.041156
3 0.238116 0.504711 0.427962 0.03089
3 0.240106 0.540985 0.431942 0.03089
3 0.244154 0.122458 0.440038 0.020624
3 0.251585 0.158732 0.454899 0.041157
7 0.54347 0.091268 0.050503 0.010455
