5 0.790509 0.115101 0.228507 0.010568
5 0.313687 0.115101 0.436897 0.010568
7 0.272673 0.151971 0.354869 0.01278
9 0.239944 0.177567 0.289412 0.010651
3 0.512574 0.500392 0.784362 0.024851
3 0.509774 0.529907 0.778762 0.010651
3 0.512115 0.559424 0.783444 0.024851
3 0.453947 0.59604 0.667108 0.024851
3 0.275049 0.625556 0.309312 0.010651
3 0.410291 0.647973 0.579795 0.010651
3 0.41922 0.670388 0.597653 0.010651
3 0.409211 0.692804 0.577636 0.010651
3 0.414486 0.71522 0.588187 0.010651
3 0.501221 0.744736 0.761657 0.024852
3 0.511383 0.78134 0.781981 0.024876
3 0.437948 0.810868 0.63511 0.010651
3 0.355319 0.833284 0.469851 0.010651
3 0.342866 0.8557 0.444947 0.010651
3 0.2952 0.878116 0.349614 0.010651
3 0.275526 0.900532 0.310266 0.010651
9 0.491314 0.933394 0.792152 0.024851
4 0.5 0.970427 0.033474 0.010651
7 0.147992 0.203328 0.105509 0.010651
7 0.141264 0.225744 0.092052 0.010651
9 0.217592 0.251505 0.244708 0.010651
9 0.27623 0.268562 0.361983 0.010651
9 0.316984 0.285619 0.443491 0.010651
9 0.497574 0.309776 0.804671 0.024851
9 0.246254 0.333933 0.302032 0.010651
9 0.403479 0.359518 0.616482 0.027708
9 0.352492 0.385102 0.514508 0.010651
9 0.390344 0.402159 0.590212 0.010651
9 0.487557 0.426316 0.784637 0.024851
9 0.376902 0.450473 0.563327 0.010651
9 0.234354 0.46753 0.278232 0.010651
