5 0.795932 0.115101 0.217662 0.010568
5 0.13821 0.115101 0.085943 0.010568
7 0.160946 0.151309 0.131416 0.015336
9 0.498092 0.196082 0.805709 0.039051
9 0.494301 0.234494 0.798127 0.024851
9 0.504687 0.759576 0.818897 0.044875
9 0.237258 0.793799 0.28404 0.010651
7 0.157707 0.829487 0.124937 0.01278
4 0.5 0.970427 0.025105 0.010651
3 0.208462 0.716555 0.176138 0.010651
3 0.305041 0.67165 0.369297 0.010651
3 0.282343 0.694102 0.3239 0.010651
3 0.204989 0.649197 0.169192 0.010651
3 0.354063 0.626745 0.467341 0.010651
3 0.222897 0.604292 0.205009 0.010651
3 0.224136 0.581839 0.207486 0.010651
3 0.284171 0.559387 0.327555 0.010651
3 0.265551 0.536934 0.290316 0.010651
3 0.233316 0.514481 0.225846 0.010651
3 0.350599 0.492029 0.460412 0.010651
3 0.360783 0.469576 0.48078 0.010651
3 0.352105 0.447124 0.463424 0.010651
3 0.3315 0.424671 0.422214 0.010651
3 0.179532 0.402218 0.118279 0.010651
3 0.194403 0.379767 0.14802 0.010651
3 0.246153 0.357313 0.25152 0.010651
3 0.373645 0.33486 0.506505 0.010651
3 0.223935 0.312409 0.207084 0.010651
3 0.202085 0.289955 0.163384 0.010651
3 0.288899 0.267504 0.337012 0.010651
7 0.14103 0.856353 0.091584 0.010651
9 0.510502 0.909862 0.360242 0.066778
