5 0.790509 0.115101 0.228507 0.010568
5 0.248924 0.115101 0.307371 0.010568
7 0.145524 0.152522 0.100571 0.010651
7 0.142888 0.195124 0.095299 0.010651
7 0.141038 0.237724 0.0916 0.010651
7 0.153131 0.280326 0.115785 0.010651
7 0.27072 0.342719 0.350965 0.015336
7 0.39244 0.376929 0.594404 0.01278
7 0.312146 0.442457 0.433816 0.01278
7 0.227576 0.522186 0.264675 0.01278
7 0.355716 0.587715 0.520956 0.01278
7 0.36977 0.672847 0.549064 0.015336
7 0.302659 0.707057 0.414843 0.01278
9 0.315092 0.171455 0.356025 0.010651
9 0.316272 0.214057 0.358385 0.010651
9 0.421939 0.256658 0.56972 0.010651
9 0.311393 0.29926 0.348627 0.010651
9 0.442735 0.404402 0.694995 0.010651
9 0.489255 0.47703 0.788034 0.024851
9 0.464033 0.549659 0.73759 0.010651
9 0.5 0.622288 0.809525 0.024851
9 0.492778 0.74163 0.795081 0.024851
9 0.489852 0.781865 0.789228 0.039052
9 0.4467 0.833679 0.632633 0.024176
4 0.5 0.970427 0.033474 0.010651
