5 0.209408 0.115101 0.22834 0.010568
5 0.794693 0.115101 0.220139 0.010568
7 0.401024 0.151971 0.611571 0.01278
9 0.495967 0.193071 0.801457 0.039051
9 0.336864 0.236256 0.342669 0.009976
9 0.260271 0.26575 0.330066 0.010651
9 0.393978 0.294735 0.456897 0.009976
9 0.496564 0.331317 0.802652 0.024875
9 0.488199 0.370991 0.785921 0.039052
9 0.407159 0.414176 0.483258 0.009976
9 0.459635 0.450769 0.728793 0.024851
7 0.229966 0.49518 0.269455 0.01278
3 0.512577 0.529563 0.784369 0.024851
3 0.509347 0.574149 0.777908 0.039052
9 0.498343 0.614192 0.722527 0.024851
3 0.462496 0.644578 0.684206 0.010651
3 0.507602 0.682064 0.774419 0.039051
3 0.509209 0.740849 0.777631 0.053252
3 0.513878 0.799636 0.78697 0.039051
3 0.50263 0.851322 0.764475 0.039051
3 0.298564 0.888808 0.356343 0.010651
3 0.490165 0.926293 0.739545 0.039052
4 0.5 0.970427 0.033474 0.010651
