4 0.86156 0.970522 0.177682 0.010994
9 0.231077 0.199046 0.295486 0.058221
9 0.241418 0.276253 0.316169 0.081978
9 0.24299 0.389095 0.319314 0.081977
7 0.178079 0.334711 0.189492 0.013743
7 0.575981 0.429735 0.284238 0.013743
9 0.236419 0.460363 0.306171 0.046343
9 0.223228 0.495997 0.27979 0.022587
9 0.235189 0.555387 0.303711 0.081977
9 0.229847 0.638533 0.293027 0.070099
9 0.239395 0.739497 0.312124 0.117612
9 0.567892 0.828582 0.268071 0.022587
9 0.592149 0.650411 0.316586 0.153246
9 0.586438 0.769192 0.305163 0.081977
9 0.583945 0.531631 0.300177 0.070099
9 0.593539 0.466302 0.319354 0.046343
9 0.588437 0.365338 0.309141 0.093856
9 0.592428 0.240619 0.317123 0.141368
