5 0.81266 0.075286 0.184205 0.010568
5 0.171056 0.075286 0.151635 0.010568
7 0.234143 0.112157 0.27781 0.01278
9 0.47784 0.146729 0.765204 0.024851
9 0.519251 0.210631 0.764344 0.024851
9 0.509384 0.357369 0.74461 0.024851
9 0.520923 0.41417 0.767687 0.024852
9 0.393227 0.553807 0.512296 0.010651
9 0.508104 0.579841 0.74205 0.024852
9 0.456771 0.719478 0.639384 0.010651
9 0.426431 0.76208 0.578704 0.010651
9 0.506452 0.880416 0.738745 0.010651
3 0.352925 0.184597 0.473534 0.010651
3 0.361377 0.388136 0.490438 0.010651
3 0.357779 0.743145 0.483241 0.010651
9 0.317197 0.283745 0.289946 0.080978
9 0.400672 0.487284 0.456895 0.080978
9 0.457786 0.652955 0.571123 0.080978
9 0.422639 0.820993 0.500829 0.066778
4 0.5 0.930613 0.025105 0.010651
