5 0.315212 0.061207 0.392085 0.05428
5 0.794102 0.0818 0.064386 0.013094
9 0.50251 0.125498 0.766681 0.046579
7 0.351419 0.179877 0.4645 0.031514
9 0.490529 0.21136 0.74272 0.014514
3 0.502358 0.249371 0.766377 0.031126
3 0.502106 0.281471 0.765874 0.031126
3 0.500387 0.313536 0.762434 0.031126
3 0.502218 0.345601 0.766096 0.031126
3 0.36301 0.369676 0.487681 0.015145
3 0.32713 0.38578 0.415921 0.015145
3 0.502493 0.409731 0.766647 0.031126
3 0.50219 0.441796 0.766041 0.031126
3 0.496962 0.465895 0.755584 0.015145
3 0.374499 0.481998 0.51066 0.015145
3 0.502293 0.513931 0.766247 0.047087
3 0.287101 0.546128 0.335863 0.015145
7 0.183065 0.578286 0.12779 0.015776
9 0.502393 0.625931 0.766446 0.062576
9 0.502249 0.696349 0.766159 0.046579
9 0.294962 0.742594 0.351586 0.014514
7 0.19143 0.772849 0.144521 0.015776
7 0.164822 0.89073 0.091306 0.015776
9 0.402241 0.796463 0.566143 0.014514
3 0.221187 0.826507 0.204035 0.015145
3 0.283271 0.842611 0.328203 0.015145
3 0.32965 0.858572 0.42096 0.015145
4 0.311181 0.971881 0.384022 0.011832
