5 0.813589 0.115101 0.182347 0.010568
5 0.171056 0.115101 0.151635 0.010568
7 0.301291 0.151971 0.412106 0.01278
7 0.243622 0.734083 0.296768 0.01278
7 0.227787 0.853778 0.265097 0.01278
9 0.499783 0.192498 0.809089 0.039052
9 0.49553 0.311823 0.800584 0.053253
9 0.497498 0.393512 0.80452 0.095853
9 0.497264 0.461002 0.804051 0.024852
9 0.411552 0.248356 0.562338 0.038377
9 0.380799 0.52396 0.500831 0.066777
9 0.494146 0.608715 0.797816 0.067476
9 0.504687 0.676205 0.818897 0.053275
9 0.497816 0.788811 0.805156 0.067453
9 0.500001 0.901405 0.809525 0.053251
9 0.40552 0.940494 0.620564 0.010651
4 0.5 0.970427 0.025105 0.010651
