5 0.786333 0.115101 0.236859 0.010568
5 0.230312 0.115101 0.270148 0.010568
7 0.218191 0.152522 0.245905 0.010651
7 0.199023 0.228257 0.20757 0.010651
7 0.145758 0.303993 0.10104 0.010651
7 0.261105 0.394786 0.331733 0.015336
7 0.167092 0.499041 0.143707 0.015336
7 0.192999 0.636429 0.195521 0.015336
7 0.189336 0.769084 0.188195 0.015336
9 0.517687 0.178556 0.761215 0.024851
9 0.338545 0.20459 0.402932 0.010651
9 0.520465 0.254291 0.766772 0.024851
9 0.338545 0.280326 0.402932 0.010651
9 0.519329 0.337127 0.764499 0.039051
9 0.496046 0.441381 0.801615 0.039051
9 0.494862 0.538536 0.799248 0.024851
9 0.495969 0.57877 0.801461 0.039051
9 0.291116 0.668824 0.391755 0.010651
9 0.232587 0.687758 0.274698 0.010651
9 0.214325 0.706692 0.238173 0.010651
9 0.289976 0.725625 0.389475 0.010651
9 0.445482 0.810946 0.700487 0.029584
4 0.5 0.970427 0.033474 0.010651
