5 0.8122 0.075286 0.185125 0.010568
5 0.171056 0.075286 0.151635 0.010568
9 0.491188 0.126908 0.791901 0.039051
9 0.485849 0.167142 0.781223 0.024851
9 0.367619 0.211855 0.474471 0.024176
9 0.495569 0.264167 0.800661 0.039076
9 0.477641 0.304413 0.764805 0.024851
9 0.494 0.344647 0.797524 0.039052
9 0.493251 0.431477 0.796026 0.024851
9 0.495307 0.532507 0.800138 0.067453
9 0.498453 0.633537 0.806429 0.024851
9 0.50469 0.713266 0.818904 0.024851
9 0.508786 0.845802 0.827096 0.024852
9 0.481773 0.878937 0.77307 0.024851
4 0.5 0.930613 0.025105 0.010651
7 0.176675 0.396904 0.162874 0.01278
7 0.209873 0.476633 0.229269 0.01278
7 0.219784 0.598964 0.249091 0.01278
7 0.22367 0.678693 0.256863 0.01278
9 0.161137 0.750879 0.061508 0.009976
9 0.178711 0.765079 0.096655 0.009976
9 0.174317 0.779279 0.087868 0.009976
9 0.174317 0.793479 0.087868 0.009976
9 0.183104 0.80768 0.105442 0.009976
