7 0.136826 0.053079 0.123325 0.010727
7 0.124572 0.329755 0.098818 0.010727
7 0.152023 0.470069 0.153719 0.010727
7 0.114303 0.670988 0.078279 0.010727
7 0.206466 0.765847 0.262606 0.010727
7 0.172577 0.875858 0.194826 0.010727
4 0.828991 0.975504 0.244629 0.007152
9 0.286842 0.11701 0.423363 0.102437
9 0.739629 0.120662 0.423375 0.147891
9 0.286841 0.245798 0.423363 0.117588
9 0.739626 0.35946 0.423369 0.299405
9 0.286846 0.393686 0.423368 0.102437
9 0.286921 0.564303 0.423515 0.163043
9 0.739424 0.609459 0.422955 0.163043
9 0.286771 0.712192 0.423216 0.056982
9 0.739633 0.82553 0.423368 0.238801
9 0.286708 0.814627 0.42309 0.072134
9 0.286987 0.917061 0.423647 0.056982
