6 0.852249 0.061941 0.201423 0.059876
9 0.314478 0.221612 0.313972 0.054429
9 0.310612 0.307244 0.30624 0.039484
9 0.3162 0.374486 0.317417 0.054429
7 0.330461 0.27736 0.345938 0.0096
9 0.314142 0.449199 0.313301 0.054426
9 0.315643 0.531381 0.316302 0.069368
9 0.317182 0.621035 0.319381 0.069368
9 0.316946 0.695746 0.318908 0.039484
9 0.305347 0.762986 0.29571 0.054426
9 0.303578 0.845168 0.292172 0.099252
9 0.295905 0.92735 0.276827 0.024542
9 0.667727 0.889631 0.290965 0.099252
9 0.681359 0.785035 0.318229 0.069368
9 0.682669 0.658026 0.320849 0.144079
9 0.683058 0.523547 0.321627 0.08431
9 0.679393 0.441364 0.314297 0.039484
9 0.678735 0.389066 0.31298 0.024542
9 0.68226 0.329297 0.320031 0.054426
9 0.677741 0.214357 0.310992 0.039484
3 0.549451 0.247115 0.054413 0.0096
3 0.587313 0.262057 0.130137 0.0096
3 0.576771 0.276999 0.109052 0.0096
4 0.908244 0.967216 0.020917 0.0096
