9 0.334528 0.100041 0.35886 0.013774
3 0.498565 0.141102 0.761836 0.041047
3 0.4986 0.195799 0.761907 0.041047
3 0.498485 0.250495 0.761676 0.041047
3 0.498281 0.305268 0.761266 0.041198
3 0.498503 0.359965 0.761712 0.041199
3 0.498611 0.414662 0.761926 0.041198
3 0.498575 0.469359 0.761854 0.041198
3 0.498656 0.524132 0.762013 0.041047
3 0.498494 0.578829 0.761692 0.041047
3 0.498253 0.633526 0.761212 0.041047
3 0.498565 0.688298 0.761836 0.041198
3 0.498547 0.756632 0.7618 0.068471
3 0.498556 0.82504 0.761818 0.041047
3 0.498556 0.879814 0.761818 0.041198
3 0.498414 0.920798 0.761533 0.013774
4 0.488992 0.961991 0.01916 0.01511
