5 0.914462 0.042449 0.008139 0.012579
9 0.718435 0.104116 0.400793 0.070458
9 0.717849 0.216542 0.399621 0.033787
9 0.718354 0.460782 0.400631 0.272882
9 0.71806 0.614418 0.400045 0.027125
9 0.288559 0.519721 0.400651 0.216519
9 0.150203 0.345334 0.123936 0.012592
9 0.288597 0.215176 0.400723 0.128336
2 0.773758 0.168904 0.289869 0.033965
2 0.765424 0.264569 0.306537 0.029272
2 0.765033 0.295478 0.307321 0.029273
2 0.346307 0.309279 0.285163 0.030761
2 0.346601 0.381552 0.284575 0.030761
2 0.288431 0.081555 0.208235 0.030177
2 0.288452 0.130183 0.238081 0.016863
3 0.674451 0.688708 0.301058 0.012789
3 0.680224 0.70189 0.312604 0.012788
3 0.718066 0.721663 0.400053 0.02597
3 0.673657 0.741586 0.311235 0.012788
3 0.718153 0.761359 0.400227 0.02597
3 0.718331 0.787723 0.400583 0.02597
3 0.289752 0.82083 0.391269 0.012788
3 0.291311 0.6953 0.394387 0.02597
3 0.264628 0.715072 0.341022 0.012788
3 0.237498 0.72833 0.286762 0.012637
3 0.257869 0.741588 0.327503 0.012788
3 0.291386 0.767951 0.394536 0.039152
3 0.291193 0.800905 0.394151 0.02597
