5 0.724057 0.06234 0.303248 0.031994
5 0.913346 0.048213 0.042905 0.052705
5 0.948725 0.448218 0.019069 0.023424
7 0.206937 0.464163 0.251711 0.011419
4 0.775459 0.972557 0.335149 0.016104
9 0.702131 0.763844 0.388048 0.041563
9 0.274873 0.763844 0.387583 0.041563
9 0.389381 0.705605 0.616601 0.010248
9 0.389381 0.716461 0.616601 0.010248
9 0.488874 0.490316 0.815586 0.026637
9 0.276238 0.170115 0.390314 0.071413
9 0.703032 0.162663 0.389851 0.056488
9 0.275818 0.259899 0.389473 0.086338
9 0.275948 0.349684 0.389734 0.071413
9 0.276012 0.417081 0.389862 0.041563
3 0.670401 0.207262 0.324584 0.013176
3 0.713561 0.233892 0.367662 0.026637
3 0.713561 0.267589 0.367662 0.026637
3 0.683994 0.293426 0.351769 0.013176
3 0.713561 0.320056 0.367662 0.026637
3 0.713561 0.353753 0.367662 0.026637
3 0.713561 0.38745 0.367662 0.026637
3 0.713561 0.421146 0.367662 0.026637
8 0.486327 0.606385 0.814296 0.169017
