5 0.794102 0.0818 0.064386 0.013094
5 0.315212 0.061207 0.392085 0.05428
7 0.214031 0.10975 0.189723 0.014514
9 0.502389 0.15571 0.76644 0.046579
9 0.502181 0.210078 0.766024 0.030475
8 0.499484 0.302367 0.489549 0.1258
9 0.502303 0.388609 0.766267 0.046579
9 0.50043 0.450898 0.76252 0.046603
9 0.502237 0.51333 0.766135 0.046579
9 0.502445 0.567626 0.766551 0.030618
9 0.502231 0.629993 0.766123 0.062718
9 0.50241 0.708392 0.76648 0.062683
9 0.502503 0.792117 0.766667 0.030618
9 0.33682 0.832257 0.435301 0.014514
7 0.242362 0.764348 0.246386 0.015145
8 0.393807 0.879961 0.552774 0.049809
4 0.311181 0.971881 0.384022 0.011832
