5 0.772927 0.115101 0.263671 0.010568
5 0.190244 0.115101 0.190013 0.010568
7 0.175357 0.152522 0.160238 0.010651
7 0.2398 0.374374 0.289125 0.015336
7 0.228018 0.459024 0.265559 0.01278
7 0.206856 0.555871 0.223235 0.010651
7 0.163499 0.850974 0.136522 0.010651
4 0.5 0.970427 0.033474 0.010651
9 0.457849 0.91103 0.725221 0.010651
9 0.497233 0.884996 0.803989 0.024851
9 0.267552 0.710597 0.344627 0.010651
9 0.486269 0.691664 0.782061 0.010651
9 0.494645 0.413868 0.798813 0.024851
9 0.50708 0.493597 0.823684 0.024852
9 0.444836 0.519632 0.699196 0.010651
9 0.496134 0.596994 0.801792 0.039052
9 0.498126 0.651428 0.805776 0.053251
9 0.499999 0.807633 0.809522 0.024851
9 0.487167 0.309614 0.783857 0.053253
9 0.244605 0.257291 0.281161 0.009976
9 0.49279 0.193644 0.795104 0.039051
9 0.186562 0.226779 0.182648 0.010651
9 0.279752 0.755311 0.351456 0.038377
