3 0.517084 0.113753 0.723975 0.041198
3 0.502852 0.16845 0.752765 0.041198
3 0.502762 0.223147 0.752586 0.041198
3 0.49834 0.277844 0.76139 0.041198
3 0.498572 0.332616 0.761853 0.041047
3 0.498563 0.401026 0.761835 0.068471
3 0.498447 0.468251 0.761605 0.043415
3 0.498439 0.524132 0.761587 0.041047
3 0.49859 0.592541 0.761889 0.068471
3 0.498448 0.673659 0.761605 0.070477
3 0.498512 0.742995 0.76173 0.041198
3 0.498442 0.810401 0.761588 0.070325
3 0.498576 0.89345 0.761856 0.068471
4 0.488993 0.961991 0.01916 0.01511
