5 0.801505 0.075286 0.206515 0.010568
5 0.172671 0.075286 0.154865 0.010568
7 0.188311 0.111495 0.186146 0.015336
7 0.157837 0.390888 0.125198 0.015336
7 0.208005 0.461338 0.225533 0.01278
7 0.140712 0.488811 0.090948 0.010651
4 0.499999 0.930613 0.016737 0.010651
9 0.401513 0.896776 0.612549 0.010651
9 0.494582 0.768972 0.798688 0.024851
9 0.496084 0.709804 0.801692 0.039052
7 0.140712 0.742939 0.090948 0.010651
9 0.310504 0.83617 0.360242 0.069144
9 0.407159 0.650381 0.553552 0.038376
9 0.493967 0.598568 0.797457 0.024851
9 0.411553 0.553345 0.562339 0.024176
9 0.332748 0.51572 0.475019 0.010674
9 0.39455 0.423282 0.598624 0.010651
9 0.451715 0.347429 0.712953 0.010651
9 0.494176 0.314294 0.797876 0.039051
9 0.5 0.259859 0.809524 0.053253
9 0.500002 0.198324 0.809527 0.053251
9 0.490912 0.150989 0.791348 0.024851
