5 0.804545 0.077862 0.114363 0.012955
5 0.495892 0.096646 0.023581 0.012955
5 0.214645 0.077858 0.176773 0.012955
9 0.304527 0.154921 0.356569 0.034805
9 0.686215 0.334614 0.356828 0.14149
9 0.30496 0.365228 0.357455 0.072389
9 0.304859 0.503857 0.357257 0.198763
9 0.304658 0.642345 0.356794 0.072684
9 0.686142 0.629764 0.356712 0.097851
7 0.685332 0.56053 0.072788 0.009659
0 0.651307 0.70659 0.068334 0.009659
0 0.686209 0.426893 0.068334 0.009659
0 0.686209 0.155984 0.068334 0.009659
0 0.303581 0.193852 0.066207 0.009659
7 0.303346 0.314772 0.071954 0.009659
8 0.301817 0.243174 0.353893 0.083077
8 0.683427 0.205529 0.353333 0.083077
8 0.683427 0.481372 0.353333 0.093029
8 0.64871 0.831421 0.423887 0.198606
