9 0.288626 0.804886 0.40078 0.055912
9 0.718396 0.79284 0.400713 0.056064
9 0.71843 0.682309 0.400782 0.085003
9 0.288515 0.645416 0.400559 0.041518
9 0.239035 0.720946 0.301599 0.012579
2 0.30306 0.694205 0.37161 0.037851
2 0.807276 0.744885 0.222787 0.012579
1 0.719492 0.901897 0.398201 0.023359
1 0.719371 0.877958 0.397958 0.02336
1 0.289561 0.895912 0.397945 0.035329
7 0.718267 0.614139 0.221634 0.011321
7 0.288538 0.598993 0.39041 0.0102
7 0.285531 0.496569 0.248318 0.0102
9 0.718297 0.535946 0.400517 0.085003
9 0.288572 0.542991 0.400674 0.041518
9 0.10138 0.419279 0.02629 0.012579
9 0.531184 0.402916 0.02629 0.012579
2 0.726293 0.4542 0.416507 0.07151
2 0.360511 0.451023 0.256708 0.037851
2 0.299629 0.392387 0.378473 0.037851
2 0.728843 0.357306 0.421604 0.071662
2 0.786199 0.24466 0.264944 0.03785
2 0.291687 0.127454 0.393963 0.044989
9 0.288625 0.199128 0.40078 0.099246
9 0.288514 0.307613 0.400558 0.113791
9 0.718282 0.289204 0.400482 0.041518
9 0.718354 0.185416 0.400628 0.056064
9 0.718432 0.086851 0.400783 0.035904
9 0.288602 0.086851 0.400735 0.035904
5 0.914462 0.042461 0.008139 0.012579
7 0.718269 0.131715 0.149869 0.011321
