5 0.781759 0.115101 0.245997 0.010568
5 0.231214 0.115054 0.271951 0.010663
7 0.26137 0.151309 0.332264 0.015336
7 0.137775 0.183464 0.085073 0.010651
7 0.140101 0.257919 0.089726 0.010651
7 0.161692 0.388696 0.132907 0.010651
7 0.150796 0.542981 0.111115 0.010651
7 0.14057 0.663491 0.090663 0.010651
7 0.146612 0.603236 0.102747 0.010651
7 0.14057 0.723747 0.090663 0.010651
7 0.14057 0.798202 0.090663 0.010651
7 0.14057 0.910366 0.090663 0.010651
4 0.5 0.970427 0.033474 0.010651
3 0.46782 0.940494 0.694853 0.010651
3 0.387462 0.880238 0.534137 0.010651
3 0.506502 0.842531 0.772218 0.039052
3 0.502912 0.760975 0.765038 0.024851
3 0.22786 0.69362 0.214934 0.010651
3 0.496803 0.633364 0.75282 0.010651
3 0.498192 0.573109 0.755598 0.010651
3 0.449848 0.512854 0.65891 0.010651
3 0.349563 0.489346 0.458341 0.010651
3 0.503531 0.465838 0.766276 0.010651
3 0.434576 0.442332 0.628365 0.010651
3 0.22786 0.418824 0.214934 0.010651
3 0.453335 0.358569 0.665885 0.010651
3 0.462869 0.335061 0.684952 0.010651
3 0.41793 0.311555 0.595074 0.010651
3 0.22786 0.288047 0.214934 0.010651
3 0.509714 0.220692 0.778642 0.024851
