5 0.807087 0.115101 0.195352 0.010568
5 0.162487 0.115101 0.134497 0.010568
7 0.159937 0.151971 0.129397 0.01278
7 0.266236 0.591444 0.341996 0.01278
4 0.5 0.970427 0.033474 0.010651
9 0.268533 0.865056 0.34659 0.010651
9 0.502511 0.817721 0.814545 0.067453
9 0.48749 0.770386 0.784503 0.010651
9 0.482668 0.67335 0.774859 0.024851
9 0.497387 0.633117 0.804298 0.039051
9 0.499998 0.524986 0.80952 0.067451
9 0.494385 0.463451 0.798293 0.039052
9 0.223643 0.288313 0.256809 0.010651
9 0.48675 0.262279 0.783023 0.024851
9 0.500001 0.207844 0.809526 0.067453
9 0.402768 0.368527 0.579912 0.109379
9 0.178711 0.725164 0.096655 0.038377
