9 0.490441 0.056409 0.932612 0.032261
9 0.48835 0.100212 0.928431 0.04321
9 0.498676 0.149491 0.949083 0.04321
9 0.471493 0.220671 0.894717 0.021303
9 0.49901 0.275428 0.94975 0.076056
9 0.492255 0.341133 0.93624 0.043201
9 0.493282 0.390412 0.938294 0.043201
9 0.471493 0.461587 0.894717 0.021303
9 0.49622 0.516344 0.94417 0.076056
9 0.489351 0.576575 0.930432 0.032252
9 0.490794 0.609431 0.933319 0.021303
4 0.499211 0.637489 0.016014 0.010355
7 0.376314 0.434169 0.704358 0.010448
7 0.376314 0.193243 0.704358 0.010448
