7 0.218806 0.100048 0.202318 0.01241
9 0.498478 0.1704 0.761661 0.067989
9 0.498539 0.325593 0.761785 0.109008
9 0.49856 0.45631 0.76183 0.041625
9 0.158341 0.55078 0.081391 0.01511
9 0.498513 0.645249 0.761736 0.041625
9 0.498613 0.752977 0.761935 0.041625
9 0.391215 0.859561 0.547138 0.019063
2 0.583514 0.91712 0.592129 0.058728
4 0.489088 0.961992 0.009552 0.01511
2 0.640867 0.817499 0.477423 0.056759
2 0.562632 0.702487 0.633894 0.029766
2 0.61773 0.590666 0.523699 0.021579
2 0.574004 0.514305 0.611148 0.028251
2 0.599887 0.407789 0.559383 0.04527
2 0.606555 0.246576 0.54605 0.054361
