5 0.380291 0.057285 0.522242 0.029651
5 0.859563 0.065563 0.051787 0.013096
9 0.559538 0.091909 0.679177 0.032193
9 0.559783 0.189198 0.679668 0.146907
9 0.559803 0.311081 0.679708 0.081378
9 0.559583 0.383789 0.679268 0.04856
9 0.559706 0.431894 0.679514 0.032169
9 0.559783 0.567679 0.679668 0.097591
9 0.559736 0.656707 0.679574 0.064987
9 0.559766 0.721221 0.679635 0.04856
9 0.4616 0.8304 0.483303 0.015778
9 0.559803 0.878516 0.679708 0.064975
7 0.329246 0.762127 0.444746 0.015778
7 0.23318 0.796335 0.252614 0.015778
4 0.250591 0.95178 0.262844 0.011834
7 0.243763 0.4957 0.273779 0.015778
9 0.267337 0.464177 0.320927 0.015778
