5 0.601526 0.075286 0.606474 0.010568
5 0.166872 0.075286 0.143267 0.010568
7 0.170311 0.181854 0.150146 0.010651
7 0.161491 0.305943 0.132505 0.010651
7 0.142896 0.481359 0.095316 0.010651
7 0.145449 0.614175 0.100421 0.010651
7 0.181185 0.803923 0.171893 0.01278
4 0.499999 0.930613 0.016737 0.010651
9 0.411553 0.886225 0.562339 0.038378
8 0.250361 0.133434 0.160198 0.055746
8 0.281394 0.24374 0.222264 0.084212
8 0.282233 0.367686 0.220586 0.083026
8 0.20507 0.520987 0.06626 0.042106
8 0.374074 0.661835 0.407623 0.05456
8 0.311169 0.75257 0.362332 0.041513
9 0.495066 0.837382 0.799655 0.024851
9 0.274299 0.711116 0.358122 0.010651
9 0.518974 0.577049 0.763789 0.039051
9 0.508711 0.444235 0.743264 0.039051
