9 0.31535 0.12628 0.416791 0.088591
9 0.315569 0.211205 0.41723 0.062461
9 0.316185 0.269999 0.418461 0.03633
9 0.818215 0.152433 0.260073 0.114722
9 0.823325 0.302684 0.270293 0.166983
9 0.820367 0.459468 0.264378 0.127787
7 0.798692 0.087107 0.221027 0.0102
5 0.955479 0.031878 0.011325 0.007515
9 0.158911 0.856969 0.103913 0.017317
9 0.170397 0.925572 0.126886 0.09573
9 0.456 0.91582 0.116868 0.03692
9 0.46128 0.959919 0.127428 0.027119
9 0.590118 0.925638 0.094492 0.017317
9 0.594624 0.959936 0.103504 0.027119
9 0.726052 0.925655 0.075748 0.017317
9 0.736954 0.959953 0.097553 0.027119
9 0.435877 0.700233 0.076621 0.017317
9 0.447313 0.72963 0.099494 0.017317
9 0.441639 0.759027 0.088146 0.017317
9 0.454099 0.808027 0.113066 0.056524
9 0.897852 0.695407 0.128736 0.007515
9 0.87045 0.969754 0.073933 0.007515
7 0.866074 0.959953 0.065181 0.007515
7 0.712657 0.910953 0.048959 0.007515
7 0.568655 0.910936 0.051567 0.007515
7 0.426955 0.685531 0.058778 0.007515
7 0.858624 0.685606 0.05028 0.007515
7 0.139499 0.842266 0.065089 0.007515
6 0.206963 0.754401 0.206963 0.149279
6 0.678752 0.721733 0.278604 0.083943
