4 0.772759 0.96417 0.339631 0.024851
7 0.529714 0.122169 0.823518 0.01604
7 0.198711 0.517203 0.162788 0.011341
7 0.317447 0.618858 0.399956 0.011341
7 0.723053 0.543208 0.367829 0.011341
7 0.658559 0.716967 0.23915 0.011341
9 0.321179 0.197411 0.40971 0.114362
9 0.742302 0.164902 0.406408 0.049343
9 0.743121 0.278972 0.408274 0.166371
9 0.321457 0.298475 0.407668 0.075355
9 0.320868 0.386537 0.406584 0.088357
9 0.742431 0.432045 0.406662 0.127364
9 0.741268 0.513603 0.404339 0.023342
9 0.321097 0.468095 0.407981 0.062349
9 0.320596 0.563249 0.407147 0.075351
9 0.741461 0.576253 0.404726 0.04935
9 0.744064 0.631808 0.409932 0.04935
9 0.741381 0.680863 0.404574 0.036348
9 0.320981 0.671405 0.406719 0.088353
9 0.320711 0.765969 0.406364 0.088357
9 0.741154 0.756513 0.404338 0.062352
9 0.741505 0.81857 0.405667 0.04935
9 0.321294 0.841028 0.40753 0.04935
