5 0.809095 0.075286 0.191335 0.010568
5 0.17534 0.075286 0.160204 0.010568
7 0.290396 0.112157 0.390315 0.01278
4 0.5 0.930613 0.025105 0.010651
9 0.221618 0.788113 0.252759 0.010651
9 0.363068 0.234299 0.535661 0.010651
9 0.314942 0.139629 0.439407 0.010651
9 0.308314 0.158563 0.426152 0.010651
9 0.292931 0.196176 0.325095 0.024176
9 0.372012 0.456517 0.483257 0.393386
9 0.433518 0.742891 0.535977 0.038377
9 0.310504 0.832827 0.360242 0.038378
9 0.445321 0.679244 0.700166 0.010651
9 0.392525 0.698177 0.594574 0.010651
9 0.407644 0.878049 0.624812 0.010651
9 0.255476 0.896984 0.320476 0.010651
