4 0.22381 0.972557 0.336623 0.016104
7 0.086655 0.048213 0.042905 0.052705
7 0.275948 0.06234 0.303248 0.031994
7 0.296968 0.155245 0.37772 0.041777
7 0.694782 0.443429 0.319293 0.029565
7 0.675925 0.483687 0.281578 0.01464
7 0.672921 0.598809 0.275571 0.01464
7 0.226155 0.677649 0.236094 0.01464
9 0.73083 0.816481 0.39142 0.086338
9 0.302765 0.828159 0.389314 0.071413
9 0.303216 0.738375 0.390216 0.086338
9 0.729779 0.689383 0.389287 0.146039
9 0.73164 0.536953 0.393008 0.071413
9 0.303951 0.55836 0.391687 0.17589
9 0.303243 0.341711 0.390269 0.23559
9 0.301556 0.199689 0.386895 0.026637
9 0.731637 0.185274 0.393006 0.026637
9 0.730915 0.147727 0.391563 0.026637
3 0.731455 0.222249 0.392638 0.027766
3 0.732062 0.255946 0.393853 0.027766
3 0.707367 0.282346 0.344462 0.013176
3 0.729196 0.308413 0.38812 0.027766
3 0.702005 0.334815 0.333738 0.013176
3 0.663134 0.353586 0.255997 0.013176
3 0.729804 0.387115 0.389337 0.042692
