5 0.221157 0.115101 0.251838 0.010568
5 0.790509 0.115101 0.228507 0.010568
7 0.23088 0.151971 0.271283 0.01278
7 0.241174 0.514011 0.291872 0.015336
7 0.261439 0.617395 0.332402 0.010674
7 0.307665 0.546405 0.424853 0.010651
7 0.259688 0.716797 0.3289 0.010674
7 0.226337 0.849347 0.262198 0.010651
4 0.5 0.970427 0.033473 0.010651
9 0.242519 0.912994 0.140589 0.009976
9 0.509895 0.875369 0.745632 0.024875
9 0.519849 0.81858 0.76554 0.024851
9 0.444606 0.773357 0.474471 0.024177
9 0.272572 0.735744 0.270985 0.010651
9 0.510803 0.664741 0.747448 0.067453
9 0.52092 0.57954 0.767682 0.039051
9 0.254393 0.470551 0.234627 0.010651
9 0.494402 0.193644 0.798328 0.039051
7 0.124846 0.238611 0.059215 0.010651
7 0.124528 0.262278 0.058579 0.010651
7 0.163591 0.309614 0.136706 0.010651
7 0.146151 0.285947 0.101827 0.010651
7 0.15411 0.333281 0.117743 0.010651
7 0.191257 0.356949 0.192038 0.010651
7 0.164043 0.380616 0.13761 0.010651
7 0.242756 0.404283 0.295036 0.010651
7 0.151499 0.42795 0.112521 0.010651
7 0.237174 0.451618 0.283872 0.010651
