7 0.356962 0.0628 0.54694 0.027486
4 0.861657 0.970522 0.177875 0.010994
9 0.776549 0.896578 0.334836 0.097219
9 0.419646 0.897452 0.322096 0.105734
9 0.772578 0.781257 0.326894 0.093855
9 0.427306 0.765996 0.337417 0.117612
9 0.421641 0.652356 0.326087 0.046343
9 0.422139 0.595541 0.327082 0.058221
9 0.777275 0.631983 0.336288 0.165124
9 0.772289 0.494587 0.326316 0.070099
9 0.422878 0.520909 0.32856 0.081977
9 0.425465 0.440338 0.333734 0.070099
9 0.399673 0.377584 0.28215 0.046343
9 0.425552 0.210503 0.333909 0.081978
9 0.427299 0.302952 0.337403 0.093856
9 0.776636 0.34195 0.335011 0.117612
9 0.76819 0.422521 0.318118 0.034465
7 0.673236 0.542812 0.128209 0.010994
7 0.631903 0.452929 0.045545 0.010994
7 0.667369 0.276535 0.116477 0.010994
7 0.393957 0.694642 0.270718 0.022872
7 0.641996 0.72772 0.065731 0.010994
7 0.327285 0.837977 0.137375 0.010994
7 0.641244 0.84136 0.064226 0.010994
9 0.152673 0.37671 0.138679 0.106019
9 0.156126 0.461443 0.145586 0.03475
9 0.773512 0.216432 0.328762 0.093856
6 0.162693 0.243232 0.166043 0.146361
