7 0.280508 0.1401 0.401865 0.020727
7 0.134794 0.215707 0.110438 0.009384
7 0.566927 0.273966 0.114246 0.009384
7 0.177782 0.364798 0.196414 0.009384
7 0.553643 0.457148 0.087678 0.009384
7 0.606486 0.572148 0.193363 0.009384
7 0.142471 0.565025 0.125792 0.009384
7 0.108664 0.66298 0.058178 0.009384
9 0.286934 0.289419 0.414718 0.111808
9 0.715093 0.232678 0.410579 0.043626
9 0.715175 0.364723 0.410742 0.145899
9 0.285041 0.464078 0.410932 0.162944
9 0.717582 0.513814 0.415557 0.077717
9 0.284708 0.613169 0.410267 0.060672
9 0.715231 0.671428 0.410854 0.162944
9 0.284872 0.736692 0.410594 0.111808
4 0.500209 0.958092 0.180826 0.007038
4 0.500002 0.972275 0.030062 0.012648
