9 0.488666 0.628978 0.81517 0.026637
9 0.271513 0.740505 0.380863 0.011712
4 0.775459 0.972557 0.335149 0.016104
5 0.948725 0.5255 0.019069 0.023424
5 0.731618 0.050099 0.406362 0.056477
7 0.664657 0.18664 0.313095 0.029565
7 0.264888 0.18664 0.367614 0.029565
9 0.702777 0.23244 0.389336 0.041563
9 0.275886 0.254828 0.38961 0.086338
9 0.702766 0.427321 0.389289 0.071413
8 0.273586 0.456413 0.389399 0.130176
7 0.333915 0.363613 0.505668 0.063246
7 0.257934 0.144022 0.353707 0.063246
7 0.225553 0.587772 0.288944 0.063246
7 0.312075 0.706281 0.461989 0.063246
