5 0.805564 0.115101 0.198398 0.010568
5 0.282088 0.115101 0.373699 0.010568
7 0.202311 0.151971 0.214146 0.01278
9 0.477613 0.186544 0.76475 0.024851
9 0.4994 0.219678 0.808323 0.024852
9 0.504688 0.259912 0.818899 0.039051
9 0.459618 0.300147 0.72876 0.024852
9 0.257568 0.326181 0.32466 0.010651
9 0.474476 0.375882 0.674793 0.010651
9 0.517908 0.425584 0.761657 0.024852
9 0.244497 0.463451 0.298517 0.010651
9 0.522075 0.520253 0.769992 0.024852
9 0.509322 0.577054 0.744485 0.024851
9 0.497313 0.633856 0.720468 0.024851
9 0.511849 0.683557 0.74954 0.010651
9 0.378039 0.726159 0.481919 0.010651
9 0.217692 0.768759 0.161225 0.010651
9 0.347277 0.799527 0.504078 0.010651
9 0.507088 0.89109 0.740017 0.024851
4 0.5 0.970427 0.033474 0.010651
3 0.420768 0.865056 0.60075 0.010651
7 0.222706 0.837583 0.254935 0.01278
7 0.122962 0.749826 0.055448 0.010651
7 0.142001 0.707225 0.093525 0.010651
7 0.124058 0.664623 0.05764 0.010651
7 0.147815 0.607822 0.105154 0.010651
7 0.128493 0.55102 0.06651 0.010651
7 0.147455 0.494219 0.104433 0.010651
7 0.100351 0.399549 0.010226 0.010651
7 0.102678 0.356949 0.014879 0.010651
