5 0.809095 0.075286 0.191335 0.010568
5 0.17534 0.075286 0.160204 0.010568
9 0.520921 0.119808 0.767682 0.024851
9 0.275275 0.169038 0.276391 0.010651
9 0.304018 0.205711 0.263587 0.024176
9 0.293166 0.261669 0.312174 0.010651
9 0.304018 0.291242 0.263587 0.009976
9 0.283526 0.3401 0.292894 0.010651
9 0.321426 0.446932 0.368694 0.010651
9 0.300398 0.534986 0.410319 0.010651
9 0.491604 0.606533 0.792731 0.024851
9 0.49908 0.646297 0.807683 0.039052
9 0.500001 0.755025 0.809525 0.024851
9 0.489841 0.780588 0.789206 0.010651
9 0.288498 0.882216 0.386519 0.010651
9 0.48205 0.900679 0.773624 0.010651
4 0.5 0.930613 0.025105 0.010651
9 0.358832 0.831148 0.456897 0.052577
9 0.376405 0.703957 0.492044 0.038377
9 0.290838 0.490705 0.237227 0.038376
9 0.391886 0.383873 0.439323 0.038378
7 0.102678 0.150261 0.014879 0.010651
7 0.10174 0.242892 0.013004 0.010651
7 0.102678 0.321323 0.014879 0.010651
7 0.10174 0.428154 0.013004 0.010651
7 0.434844 0.57243 0.679211 0.01278
