6 0.851255 0.062227 0.200872 0.062227
9 0.224816 0.199197 0.134648 0.0096
8 0.500954 0.349428 0.689578 0.286244
9 0.34699 0.522643 0.337452 0.044082
7 0.260764 0.566041 0.206543 0.0096
9 0.502386 0.593627 0.648245 0.032588
9 0.505745 0.628879 0.654963 0.021094
9 0.238856 0.648419 0.094315 0.0096
9 0.240921 0.662211 0.098444 0.0096
9 0.242527 0.676004 0.101658 0.0096
9 0.508386 0.699761 0.660245 0.021094
9 0.521926 0.735013 0.687326 0.032588
9 0.50699 0.781759 0.657454 0.044082
9 0.499508 0.822757 0.64249 0.021094
4 0.908244 0.967216 0.020917 0.0096
