7 0.587206 0.216899 0.157621 0.009384
7 0.603298 0.383036 0.189807 0.009384
9 0.28416 0.225347 0.409195 0.026581
9 0.284188 0.440612 0.409251 0.043626
9 0.284177 0.842595 0.40923 0.060672
9 0.713045 0.299134 0.409299 0.128854
9 0.713166 0.448225 0.409541 0.094763
9 0.712988 0.524589 0.409186 0.026581
8 0.281098 0.32214 0.409888 0.163126
8 0.281938 0.535458 0.409328 0.118991
8 0.282218 0.714377 0.408768 0.164424
9 0.18767 0.61584 0.216216 0.009535
4 0.500736 0.966752 0.180825 0.024026
8 0.710254 0.713022 0.412186 0.32443
7 0.700911 0.140143 0.437394 0.020727
