5 0.211899 0.078931 0.306785 0.012883
7 0.160788 0.122045 0.204791 0.014634
9 0.260627 0.150175 0.404689 0.023342
9 0.683812 0.156678 0.406441 0.036348
9 0.683942 0.225236 0.409756 0.088357
9 0.68242 0.319799 0.40467 0.088357
9 0.261813 0.330437 0.408635 0.062352
9 0.473472 0.663239 0.829563 0.009604
9 0.259984 0.703221 0.404976 0.036348
9 0.684337 0.703219 0.408113 0.036344
9 0.683333 0.765278 0.408538 0.075355
9 0.68336 0.846838 0.410282 0.075355
9 0.262681 0.817878 0.410371 0.140366
4 0.075525 0.96417 0.036412 0.024851
4 0.257381 0.965573 0.278803 0.007317
7 0.092747 0.739325 0.068001 0.011341
8 0.469061 0.510157 0.829049 0.270371
3 0.258809 0.173223 0.401442 0.010343
3 0.260305 0.196275 0.404434 0.023349
3 0.2595 0.225827 0.402836 0.023345
9 0.260384 0.268377 0.405777 0.049343
