5 0.350742 0.115101 0.511007 0.010568
5 0.801346 0.115101 0.206833 0.010568
7 0.160545 0.152522 0.130614 0.010651
7 0.484196 0.333252 0.777916 0.015336
7 0.347864 0.768848 0.505251 0.015336
4 0.5 0.970427 0.025105 0.010651
9 0.227039 0.924058 0.210883 0.009976
9 0.187498 0.893291 0.131802 0.009976
9 0.49795 0.848578 0.805424 0.039052
9 0.490326 0.808343 0.790177 0.024851
9 0.502678 0.704089 0.81488 0.053251
9 0.169924 0.651766 0.079081 0.009976
9 0.260849 0.621253 0.331221 0.010651
9 0.259663 0.531317 0.328849 0.010651
9 0.499702 0.469782 0.808928 0.095853
9 0.49072 0.386947 0.790963 0.053252
9 0.508886 0.275592 0.743613 0.039052
9 0.515038 0.206957 0.755917 0.081653
9 0.257784 0.576031 0.254801 0.038376
