9 0.558853 0.118832 0.670646 0.057086
9 0.563186 0.199216 0.679314 0.030107
9 0.558848 0.275423 0.670637 0.041935
9 0.558843 0.313301 0.670627 0.026784
9 0.558903 0.377246 0.670748 0.075561
9 0.55884 0.473231 0.670622 0.090712
9 0.513526 0.540573 0.579991 0.011633
9 0.52937 0.700949 0.611676 0.026784
9 0.553998 0.862538 0.660929 0.087389
4 0.237015 0.958908 0.262265 0.011633
3 0.558925 0.781706 0.670786 0.041935
3 0.542944 0.73754 0.638825 0.026784
3 0.558866 0.642844 0.670668 0.057086
3 0.542179 0.591027 0.637293 0.026784
3 0.425948 0.562012 0.404832 0.011633
7 0.263835 0.175371 0.080612 0.014015
7 0.444657 0.242341 0.442255 0.014015
