7 0.503318 0.096699 0.083745 0.015107
7 0.502788 0.121354 0.321072 0.012912
7 0.299696 0.155718 0.297274 0.011262
9 0.284973 0.179308 0.239191 0.011413
3 0.516906 0.205628 0.674416 0.025757
3 0.516906 0.23912 0.674417 0.025757
9 0.502587 0.272469 0.703056 0.025757
9 0.502587 0.30596 0.703056 0.025757
9 0.502585 0.339381 0.703056 0.025614
3 0.516904 0.379927 0.674417 0.040009
3 0.516904 0.427742 0.674417 0.040151
3 0.516905 0.468359 0.674417 0.025614
7 0.326015 0.509019 0.349913 0.011262
9 0.502586 0.547004 0.703056 0.040201
9 0.502587 0.647194 0.703056 0.068705
7 0.359897 0.594957 0.417678 0.011262
3 0.34094 0.694963 0.322485 0.011363
3 0.537176 0.749903 0.63388 0.083049
3 0.534755 0.812041 0.63872 0.025757
1 0.407167 0.850991 0.512216 0.008689
1 0.502057 0.867024 0.701998 0.019378
1 0.502058 0.888402 0.701998 0.019378
4 0.500367 0.951352 0.017743 0.011363
