7 0.330341 0.101475 0.425388 0.016085
9 0.411976 0.142166 0.588658 0.013404
2 0.500976 0.196983 0.169218 0.034815
9 0.356551 0.25208 0.477807 0.01425
9 0.34398 0.282267 0.395283 0.01425
2 0.5 0.337436 0.429516 0.01425
9 0.514345 0.392604 0.736014 0.01425
9 0.499999 0.450464 0.764705 0.044436
2 0.5 0.527199 0.314746 0.034442
9 0.500001 0.60907 0.764707 0.073777
2 0.500001 0.694003 0.358727 0.01425
9 0.5 0.778506 0.764706 0.076327
9 0.514343 0.840154 0.736011 0.013404
4 0.5 0.905317 0.019128 0.013404
