5 0.809873 0.115101 0.189778 0.010568
5 0.173031 0.115101 0.155585 0.010568
7 0.214231 0.151786 0.237986 0.013149
7 0.191829 0.231318 0.193182 0.013149
7 0.190529 0.302236 0.190581 0.015336
7 0.240058 0.372489 0.289639 0.01278
7 0.180581 0.499269 0.170686 0.01278
7 0.273064 0.578801 0.355652 0.01278
7 0.308441 0.806948 0.426405 0.01278
7 0.141976 0.879074 0.093475 0.010651
7 0.148821 0.921589 0.107166 0.010651
4 0.5 0.970427 0.033474 0.010651
9 0.218194 0.940494 0.16223 0.010651
9 0.42513 0.897979 0.576101 0.010651
9 0.461392 0.841435 0.732308 0.024851
9 0.300992 0.653435 0.411507 0.010651
9 0.477743 0.620388 0.76501 0.039052
9 0.471678 0.533756 0.75288 0.024851
9 0.49742 0.447125 0.804363 0.039051
9 0.492238 0.406976 0.794001 0.024851
9 0.305477 0.334545 0.420478 0.010651
9 0.323101 0.258889 0.455726 0.010651
9 0.481904 0.186458 0.773331 0.024851
3 0.300589 0.683974 0.360393 0.010651
3 0.432425 0.707584 0.624064 0.010651
3 0.515554 0.738294 0.790321 0.024851
3 0.476974 0.769004 0.713161 0.010651
