0 0.639738 0.221012 0.196378 0.013969
0 0.271287 0.22308 0.295302 0.013969
6 0.321663 0.13094 0.401422 0.147083
6 0.739446 0.130716 0.400253 0.147532
9 0.326153 0.283887 0.409882 0.063269
9 0.747605 0.287983 0.414402 0.079419
9 0.321995 0.372711 0.401566 0.079419
9 0.325003 0.469611 0.407581 0.079419
9 0.746819 0.396187 0.41283 0.063269
9 0.74713 0.488241 0.413451 0.047119
9 0.328793 0.65598 0.415162 0.224767
9 0.74588 0.659107 0.410951 0.030969
9 0.747477 0.759236 0.414146 0.095568
9 0.31853 0.809404 0.394636 0.047119
9 0.746069 0.86421 0.41133 0.079419
9 0.327332 0.893383 0.412241 0.047119
4 0.924891 0.948499 0.038367 0.015904
7 0.153879 0.858245 0.065333 0.017196
7 0.601237 0.699873 0.121667 0.017196
7 0.152551 0.533835 0.062677 0.017041
7 0.595311 0.453103 0.109815 0.017196
7 0.58671 0.352974 0.092611 0.017196
3 0.747209 0.53443 0.383306 0.030969
3 0.740354 0.572543 0.369596 0.030969
3 0.747163 0.610657 0.383215 0.030969
