5 0.670671 0.065873 0.512562 0.010132
5 0.173241 0.065158 0.128182 0.010807
9 0.265498 0.534949 0.31531 0.011289
9 0.390211 0.549248 0.564736 0.011933
9 0.407886 0.564189 0.600086 0.011289
9 0.532597 0.578809 0.849508 0.011289
6 0.171395 0.79303 0.121461 0.275915
6 0.409256 0.793936 0.115388 0.275311
6 0.64408 0.794539 0.123485 0.276519
6 0.876543 0.793634 0.121461 0.274708
0 0.87907 0.637092 0.121711 0.026199
0 0.665211 0.637092 0.16098 0.026199
0 0.387829 0.637092 0.068838 0.026199
0 0.145386 0.637005 0.067353 0.026374
8 0.526331 0.342932 0.838081 0.317574
4 0.938317 0.960102 0.005719 0.010132
