5 0.794693 0.115101 0.220139 0.010568
5 0.218864 0.115101 0.247252 0.010568
7 0.249236 0.237913 0.307995 0.01278
7 0.205987 0.360242 0.221497 0.01278
7 0.352534 0.453988 0.514592 0.013149
7 0.280354 0.562302 0.370232 0.01278
7 0.374845 0.642032 0.559214 0.01278
7 0.355609 0.735777 0.520742 0.013149
4 0.5 0.970427 0.033474 0.010651
9 0.445673 0.872304 0.70087 0.010651
9 0.5 0.824969 0.809524 0.067453
9 0.494 0.770534 0.797524 0.024851
9 0.490502 0.683705 0.790528 0.039052
9 0.492837 0.596875 0.795198 0.024851
9 0.502055 0.502946 0.813634 0.053251
9 0.490611 0.401916 0.790746 0.039052
9 0.493774 0.293786 0.797072 0.067452
9 0.495532 0.199857 0.800587 0.010651
9 0.491958 0.166722 0.793439 0.039051
