5 0.913346 0.048213 0.042905 0.052705
5 0.75435 0.052199 0.221034 0.011712
5 0.724057 0.073213 0.303248 0.010248
7 0.368931 0.144022 0.5757 0.063246
7 0.272354 0.194292 0.382545 0.01464
7 0.260922 0.48201 0.359681 0.01464
9 0.479763 0.819758 0.797364 0.010248
9 0.484395 0.397935 0.806628 0.021104
9 0.484335 0.419647 0.806508 0.021104
9 0.484037 0.441359 0.805913 0.021104
5 0.948725 0.448218 0.019069 0.023424
8 0.486503 0.295818 0.812216 0.16221
8 0.485953 0.65315 0.810013 0.300128
4 0.775459 0.972557 0.335149 0.016104
