5 0.914462 0.042461 0.008139 0.012579
8 0.503519 0.191541 0.835017 0.130156
0 0.503358 0.103837 0.830246 0.051018
9 0.711849 0.290642 0.355069 0.012579
9 0.288515 0.32087 0.40056 0.073033
9 0.718348 0.390264 0.40062 0.073034
9 0.288446 0.383143 0.400421 0.042731
9 0.28853 0.437991 0.400587 0.057882
9 0.288628 0.500264 0.400784 0.057882
9 0.718219 0.52784 0.400361 0.042731
9 0.718235 0.580871 0.400391 0.057882
9 0.288591 0.577612 0.40071 0.088033
9 0.288599 0.647461 0.400727 0.042882
9 0.668529 0.695794 0.30098 0.012579
2 0.770805 0.324805 0.295335 0.029996
2 0.759824 0.466651 0.317296 0.053045
2 0.750708 0.649681 0.335531 0.053046
9 0.718222 0.718598 0.400364 0.027579
9 0.718285 0.764052 0.400492 0.057882
9 0.718243 0.809507 0.400408 0.027579
9 0.71828 0.854961 0.400482 0.057882
9 0.718418 0.90034 0.400756 0.027731
9 0.28855 0.73996 0.400627 0.133337
9 0.288592 0.862612 0.400713 0.103185
