6 0.28048 0.087895 0.224384 0.071821
5 0.535616 0.119962 0.251339 0.027224
9 0.532856 0.232887 0.646358 0.03528
9 0.502614 0.284702 0.704159 0.036224
9 0.503881 0.371217 0.706691 0.104681
9 0.502534 0.474846 0.704036 0.070452
9 0.506014 0.552804 0.710997 0.053338
9 0.50523 0.699219 0.709427 0.104681
9 0.504019 0.786206 0.707006 0.035279
9 0.502532 0.846578 0.70407 0.053338
4 0.179435 0.900889 0.057796 0.053051
4 0.805994 0.900212 0.095851 0.013039
6 0.557092 0.893999 0.059965 0.02736
7 0.428004 0.621966 0.450126 0.019057
