5 0.786325 0.115101 0.236876 0.010568
5 0.180587 0.115101 0.170698 0.010568
9 0.233731 0.180668 0.123013 0.066778
9 0.286453 0.339559 0.228457 0.151979
9 0.277666 0.614858 0.210883 0.068121
9 0.317198 0.835272 0.289948 0.038377
4 0.5 0.970427 0.033474 0.010651
9 0.500001 0.926293 0.809526 0.039052
9 0.477438 0.886571 0.7644 0.024851
9 0.522711 0.770282 0.771264 0.053252
9 0.510578 0.699792 0.746998 0.024852
9 0.349754 0.523333 0.42535 0.010651
9 0.501136 0.549195 0.728114 0.024851
9 0.460876 0.475166 0.731275 0.010651
9 0.398667 0.239068 0.523175 0.010651
7 0.223911 0.448205 0.257345 0.01278
7 0.137549 0.504569 0.084621 0.010651
7 0.15149 0.673928 0.112505 0.010651
7 0.174032 0.730218 0.157588 0.010651
