9 0.685042 0.079068 0.410488 0.047119
9 0.261861 0.111368 0.40255 0.111718
9 0.266407 0.232492 0.411643 0.095568
9 0.687088 0.204779 0.414579 0.127868
9 0.265275 0.39399 0.409377 0.192468
9 0.683825 0.366277 0.408054 0.160168
9 0.68686 0.552001 0.414124 0.176318
9 0.266537 0.547414 0.411902 0.079419
9 0.261381 0.681846 0.401551 0.079419
9 0.680791 0.718086 0.401987 0.079419
9 0.266285 0.835916 0.411359 0.160168
4 0.07979 0.948499 0.038367 0.015904
7 0.109722 0.746071 0.098232 0.017041
7 0.532798 0.663894 0.106 0.02045
7 0.149495 0.632375 0.177778 0.017041
7 0.143172 0.610857 0.165131 0.02045
7 0.54504 0.126361 0.130485 0.02045
3 0.597071 0.77235 0.204242 0.014819
3 0.699043 0.810463 0.347581 0.047119
3 0.706797 0.856652 0.363089 0.030969
3 0.696961 0.894766 0.343417 0.030969
