5 0.794102 0.0818 0.064386 0.013094
5 0.315212 0.061207 0.392085 0.05428
9 0.502296 0.125498 0.766254 0.046579
9 0.502383 0.179794 0.766428 0.030618
7 0.158674 0.217959 0.07901 0.015776
9 0.359269 0.241573 0.480198 0.014514
3 0.31433 0.273481 0.390321 0.015145
3 0.340333 0.289585 0.442327 0.015145
3 0.262487 0.305546 0.286636 0.015145
3 0.455758 0.32165 0.673177 0.015145
3 0.431066 0.38578 0.623792 0.015145
3 0.500387 0.409731 0.762434 0.031126
3 0.374903 0.433806 0.511466 0.015145
3 0.216349 0.44991 0.194359 0.015145
3 0.188293 0.465895 0.138246 0.015145
3 0.238119 0.481998 0.237899 0.015145
3 0.177017 0.49796 0.115696 0.015145
3 0.187802 0.514063 0.137264 0.015145
3 0.271983 0.530025 0.305627 0.015145
9 0.320176 0.353907 0.402012 0.014514
9 0.273999 0.561947 0.309659 0.015145
7 0.200904 0.594675 0.163468 0.015776
7 0.260008 0.827027 0.281677 0.015776
9 0.50254 0.858622 0.766741 0.030475
9 0.173591 0.896957 0.108842 0.014514
4 0.311181 0.971881 0.384022 0.011832
3 0.389718 0.794418 0.541097 0.015145
3 0.351826 0.778457 0.465314 0.015145
3 0.36815 0.762353 0.497961 0.015145
3 0.448502 0.746392 0.658664 0.015145
3 0.377422 0.730288 0.516505 0.015145
3 0.500402 0.706214 0.762465 0.031126
3 0.502199 0.674149 0.76606 0.031126
3 0.50219 0.642066 0.766041 0.031161
3 0.288411 0.618097 0.338484 0.015145
