3 0.27227 0.064714 0.393017 0.014819
9 0.674327 0.070989 0.389057 0.030969
9 0.262096 0.121238 0.402971 0.063269
9 0.686185 0.127513 0.412774 0.047119
9 0.267371 0.279245 0.41353 0.176318
9 0.684768 0.245153 0.409939 0.111718
9 0.686944 0.423448 0.414293 0.176318
9 0.259951 0.440743 0.39869 0.111718
9 0.26625 0.578017 0.411288 0.127868
9 0.685573 0.593667 0.411549 0.095568
9 0.266221 0.723366 0.411229 0.127868
9 0.267458 0.86064 0.413704 0.111718
4 0.07979 0.948495 0.038367 0.015904
0 0.585772 0.914656 0.209423 0.013969
7 0.592515 0.174811 0.225434 0.02045
7 0.113596 0.176602 0.10598 0.02045
7 0.560732 0.325528 0.161869 0.017041
7 0.68328 0.536122 0.406965 0.017041
6 0.680867 0.77712 0.402418 0.243035
