5 0.806158 0.075286 0.197209 0.010568
5 0.191157 0.075286 0.191837 0.010568
9 0.49259 0.126908 0.794703 0.039051
9 0.494791 0.33274 0.799105 0.024876
9 0.199826 0.538596 0.209176 0.010651
9 0.336865 0.566711 0.412963 0.009976
9 0.282916 0.595336 0.375356 0.010651
9 0.380799 0.43897 0.518404 0.15198
9 0.385193 0.233125 0.52719 0.13778
9 0.479515 0.751447 0.768553 0.024851
9 0.481582 0.822008 0.772687 0.010651
9 0.488255 0.854244 0.786033 0.039051
9 0.471983 0.893579 0.75349 0.024852
4 0.499999 0.930613 0.016737 0.010651
7 0.266497 0.795435 0.342518 0.01278
3 0.274949 0.715978 0.309111 0.010651
3 0.206813 0.69291 0.172841 0.010651
3 0.260036 0.669841 0.279286 0.010651
3 0.283083 0.646774 0.325379 0.010651
3 0.222872 0.623706 0.204958 0.010651
