5 0.814058 0.075414 0.18141 0.010568
5 0.171056 0.075414 0.151635 0.010568
7 0.262591 0.112284 0.334705 0.01278
7 0.137549 0.170524 0.084621 0.010651
7 0.15149 0.388263 0.112505 0.010651
7 0.174032 0.632037 0.157588 0.010651
4 0.5 0.93074 0.025105 0.010651
9 0.500004 0.823742 0.809531 0.024851
9 0.483932 0.790608 0.777388 0.024852
9 0.522711 0.672271 0.771264 0.053251
9 0.320309 0.516067 0.366459 0.010651
9 0.444607 0.485045 0.544765 0.009976
9 0.503862 0.447432 0.733565 0.024851
9 0.510344 0.414297 0.746529 0.024852
9 0.432749 0.608369 0.591339 0.010651
9 0.290838 0.54658 0.237227 0.009976
9 0.352345 0.577347 0.360242 0.009976
9 0.317198 0.738285 0.289948 0.038378
9 0.325985 0.281506 0.307521 0.038378
9 0.460876 0.139757 0.731275 0.010651
9 0.349754 0.189458 0.42535 0.010651
9 0.524045 0.222592 0.773932 0.039051
9 0.339971 0.326729 0.405783 0.010651
9 0.444607 0.357241 0.544765 0.009976
