9 0.5035 0.105946 0.144256 0.012579
9 0.503304 0.119532 0.570529 0.010427
9 0.503217 0.132776 0.183689 0.011321
9 0.503414 0.187776 0.651143 0.077382
9 0.313646 0.246171 0.271607 0.009137
9 0.288625 0.458901 0.400781 0.3597
9 0.288723 0.782159 0.400977 0.269246
9 0.718402 0.793749 0.400726 0.073034
9 0.718331 0.880264 0.400585 0.073034
9 0.71843 0.681548 0.400781 0.142268
6 0.718094 0.339993 0.404975 0.123135
0 0.718293 0.489897 0.400508 0.135261
5 0.044673 0.468245 0.029411 0.439773
10 0.503248 0.079918 0.669634 0.025812
