5 0.691685 0.027135 0.445226 0.026426
3 0.44465 0.088633 0.712847 0.033033
3 0.480239 0.123091 0.784024 0.033033
3 0.515138 0.164676 0.853824 0.047287
9 0.437191 0.199134 0.704649 0.018779
9 0.283632 0.226216 0.397531 0.018779
9 0.498583 0.291663 0.827433 0.047287
9 0.514181 0.347252 0.858628 0.047287
9 0.504395 0.395715 0.839058 0.033033
9 0.515936 0.472685 0.862139 0.104301
9 0.48296 0.542528 0.796187 0.018779
7 0.260769 0.25012 0.351804 0.018554
7 0.208121 0.566431 0.246508 0.018554
9 0.513492 0.636482 0.857251 0.104301
9 0.516591 0.713452 0.86345 0.033033
9 0.469697 0.786025 0.769661 0.047287
7 0.251454 0.744482 0.333174 0.018554
7 0.196613 0.824182 0.223493 0.018554
9 0.431925 0.851472 0.694116 0.018779
9 0.504303 0.885681 0.838873 0.033033
9 0.481045 0.927017 0.792356 0.033033
4 0.516665 0.976362 0.119125 0.015023
