5 0.794693 0.115101 0.220139 0.010568
5 0.254145 0.115101 0.317815 0.010568
7 0.230095 0.152522 0.269713 0.010651
7 0.213567 0.223524 0.236658 0.010651
7 0.284843 0.280326 0.37921 0.010651
7 0.259053 0.337127 0.32763 0.010651
7 0.22986 0.393929 0.269245 0.010651
7 0.250734 0.450719 0.310991 0.010674
7 0.175449 0.521732 0.160422 0.010651
7 0.204822 0.564333 0.219168 0.010651
7 0.194881 0.621135 0.199285 0.010651
7 0.212019 0.677936 0.233562 0.010651
7 0.184654 0.777339 0.178832 0.010651
7 0.18791 0.834141 0.185343 0.010651
7 0.202268 0.890943 0.21406 0.010651
4 0.5 0.970427 0.033474 0.010651
9 0.298646 0.909876 0.323134 0.010651
9 0.52072 0.860174 0.767281 0.024851
9 0.514134 0.803374 0.754109 0.024851
9 0.530762 0.725271 0.787365 0.067453
9 0.514636 0.647169 0.755113 0.024851
9 0.497774 0.590367 0.721389 0.024851
9 0.328138 0.540666 0.382117 0.010651
9 0.501682 0.483864 0.729205 0.039051
9 0.516904 0.419962 0.759649 0.024851
9 0.489849 0.363161 0.705539 0.024852
9 0.522059 0.30636 0.769959 0.024851
9 0.521356 0.249558 0.768553 0.024851
9 0.522683 0.185656 0.771207 0.039052
