7 0.187311 0.24194 0.184145 0.022089
7 0.247326 0.303593 0.304177 0.026498
7 0.193324 0.414875 0.196172 0.015336
7 0.168068 0.530784 0.145659 0.015336
7 0.281565 0.60409 0.372654 0.015336
7 0.297763 0.71305 0.405049 0.015336
4 0.5 0.970427 0.033474 0.010651
3 0.507787 0.93314 0.597486 0.024176
3 0.292519 0.911838 0.166949 0.009976
3 0.292519 0.897638 0.166949 0.009976
3 0.409042 0.875332 0.503759 0.010651
3 0.250293 0.857138 0.186262 0.010651
3 0.277585 0.83221 0.314383 0.010651
3 0.350312 0.809281 0.459839 0.010651
3 0.496351 0.779252 0.751916 0.024852
9 0.137775 0.744338 0.085073 0.010651
9 0.212722 0.67103 0.234968 0.010651
9 0.389963 0.653204 0.58945 0.010651
9 0.470756 0.635377 0.751035 0.010651
9 0.456033 0.562071 0.721589 0.010651
9 0.185851 0.372856 0.181225 0.010651
9 0.336866 0.467209 0.430537 0.052578
