5 0.914462 0.042675 0.008139 0.011321
3 0.670429 0.075695 0.304778 0.010189
3 0.718174 0.095468 0.400268 0.023371
3 0.710135 0.115241 0.38419 0.010189
3 0.718205 0.135165 0.400329 0.023371
3 0.705625 0.154938 0.375169 0.010189
3 0.718304 0.17471 0.400526 0.023371
3 0.28842 0.082286 0.400369 0.023371
3 0.249448 0.102059 0.322424 0.010189
3 0.288469 0.121908 0.400465 0.023522
3 0.279449 0.141756 0.382425 0.010189
3 0.288369 0.161529 0.400266 0.023371
3 0.288302 0.187968 0.400133 0.023522
3 0.288421 0.214407 0.40037 0.023371
