5 0.794693 0.115101 0.220139 0.010568
5 0.191265 0.115101 0.192054 0.010568
7 0.139248 0.152522 0.088019 0.010651
7 0.118804 0.209324 0.047131 0.010651
7 0.131967 0.436529 0.073458 0.010651
7 0.140093 0.479131 0.089709 0.010651
7 0.172769 0.668658 0.155062 0.01278
7 0.208374 0.867393 0.226273 0.015336
7 0.165358 0.901603 0.14024 0.01278
4 0.5 0.970427 0.033474 0.010651
9 0.382674 0.929076 0.574871 0.010651
9 0.490974 0.809734 0.791472 0.039051
9 0.502847 0.762399 0.815217 0.039052
9 0.401309 0.729265 0.612142 0.010651
9 0.465158 0.703231 0.73984 0.024851
9 0.512326 0.623502 0.750494 0.024851
9 0.526075 0.505165 0.777992 0.024851
9 0.404857 0.455464 0.535556 0.010651
9 0.526628 0.398662 0.779097 0.039051
9 0.496543 0.358428 0.718928 0.024852
9 0.465964 0.332393 0.65777 0.010651
9 0.255699 0.294271 0.166949 0.024176
9 0.52092 0.242458 0.767682 0.039051
9 0.251306 0.564079 0.158163 0.052578
9 0.490702 0.178556 0.707246 0.024851
