5 0.673367 0.050099 0.522865 0.056477
5 0.948725 0.293649 0.019069 0.023424
7 0.634837 0.303217 0.253455 0.01464
7 0.258481 0.485337 0.354799 0.01464
4 0.764551 0.972557 0.313334 0.016104
9 0.932712 0.911652 0.037732 0.086217
9 0.27569 0.718387 0.389221 0.056488
9 0.702781 0.648671 0.389348 0.101264
9 0.702964 0.566349 0.389714 0.041563
9 0.703388 0.49149 0.390562 0.086338
9 0.276208 0.523673 0.390253 0.041563
9 0.232459 0.561219 0.302756 0.011712
9 0.702727 0.341553 0.389235 0.041563
9 0.275677 0.316729 0.389192 0.041563
9 0.245747 0.354276 0.329331 0.011712
9 0.274817 0.440663 0.387475 0.026637
3 0.586108 0.378698 0.155998 0.013176
3 0.62324 0.39747 0.230261 0.013176
3 0.637107 0.41624 0.257995 0.013176
3 0.587649 0.435012 0.15908 0.013176
3 0.148341 0.376492 0.134519 0.013176
3 0.196525 0.395264 0.230887 0.013176
3 0.189705 0.414036 0.217249 0.013176
3 0.276143 0.598194 0.390123 0.042692
3 0.274571 0.654279 0.38698 0.057617
