5 0.214902 0.077947 0.177288 0.012614
5 0.496294 0.097025 0.024386 0.012614
5 0.803316 0.077829 0.11784 0.013068
7 0.305986 0.167464 0.281201 0.060064
7 0.685281 0.235348 0.302408 0.047341
7 0.304481 0.481099 0.297696 0.047359
7 0.685458 0.67564 0.309112 0.034633
0 0.373269 0.792299 0.06839 0.009773
9 0.304843 0.324886 0.35722 0.236752
9 0.687479 0.167464 0.359337 0.060064
9 0.686026 0.323682 0.356436 0.110682
9 0.687476 0.512465 0.359342 0.262186
9 0.305959 0.544135 0.359239 0.060072
9 0.305907 0.676407 0.359342 0.198556
9 0.687618 0.73928 0.359059 0.072813
9 0.304615 0.936864 0.356138 0.023107
9 0.689313 0.936706 0.362446 0.023422
8 0.370594 0.847243 0.493408 0.093652
