5 0.790819 0.075414 0.227888 0.010568
5 0.188018 0.075414 0.185561 0.010568
9 0.354438 0.119681 0.44811 0.024176
9 0.317285 0.157803 0.444094 0.010651
9 0.426467 0.276139 0.662458 0.010651
9 0.26657 0.306652 0.272374 0.009976
9 0.502887 0.344774 0.815299 0.024851
9 0.270964 0.382388 0.281161 0.009976
9 0.457301 0.41341 0.724126 0.010651
9 0.473996 0.439444 0.757515 0.024851
9 0.49599 0.588548 0.801505 0.024852
9 0.341258 0.626161 0.42175 0.009976
9 0.478489 0.664283 0.766501 0.024851
9 0.507524 0.704518 0.824571 0.039051
9 0.486209 0.744752 0.781942 0.024851
9 0.389586 0.782365 0.518405 0.009976
9 0.427443 0.813387 0.66441 0.010651
9 0.354438 0.843901 0.44811 0.009976
9 0.327496 0.874923 0.464516 0.010651
4 0.5 0.93074 0.025105 0.010651
9 0.328076 0.513742 0.395386 0.083346
9 0.372012 0.216717 0.483258 0.066777
