5 0.785011 0.115101 0.239503 0.010568
5 0.17524 0.115101 0.160004 0.010568
7 0.190442 0.151971 0.190408 0.01278
7 0.225508 0.775798 0.26054 0.01278
4 0.5 0.970427 0.033474 0.010651
9 0.214262 0.883805 0.238047 0.010651
9 0.495406 0.808887 0.800336 0.024851
9 0.210061 0.499857 0.229645 0.010651
9 0.5 0.355529 0.809524 0.024851
9 0.391839 0.177959 0.593202 0.010651
9 0.416191 0.195409 0.641906 0.010651
9 0.43352 0.271664 0.606273 0.109379
9 0.407159 0.430988 0.553552 0.093587
9 0.407159 0.632914 0.553552 0.222982
9 0.249005 0.92456 0.237244 0.038377
9 0.424733 0.849642 0.588699 0.024176
