5 0.794102 0.0818 0.064386 0.013094
5 0.315212 0.061207 0.392085 0.05428
7 0.210504 0.20566 0.182668 0.014514
8 0.387439 0.140631 0.542207 0.084452
8 0.501697 0.271715 0.770723 0.108686
9 0.409296 0.348207 0.580253 0.014514
9 0.453355 0.377421 0.66837 0.014514
9 0.500429 0.415757 0.76252 0.030475
9 0.502089 0.462085 0.765838 0.030499
9 0.502364 0.508413 0.766388 0.030475
9 0.502373 0.562781 0.766406 0.046579
9 0.289838 0.609026 0.341336 0.014514
9 0.448502 0.639416 0.658664 0.014514
9 0.502442 0.67768 0.766546 0.030618
9 0.425436 0.715945 0.612533 0.014514
9 0.502505 0.75428 0.766671 0.030475
9 0.502518 0.800596 0.766697 0.030475
9 0.502454 0.854988 0.766568 0.046579
4 0.311181 0.971881 0.384022 0.011832
