9 0.427368 0.096105 0.407678 0.011633
9 0.472243 0.665575 0.497427 0.011633
4 0.843178 0.958908 0.101847 0.011633
7 0.155935 0.62826 0.100105 0.01864
0 0.641496 0.752694 0.486129 0.132843
6 0.306254 0.76134 0.148169 0.152358
3 0.56157 0.562007 0.676082 0.041935
3 0.556003 0.517841 0.664949 0.026784
3 0.541069 0.4736 0.63508 0.041935
3 0.555293 0.421858 0.66353 0.041935
3 0.565576 0.370116 0.684094 0.041935
3 0.56557 0.325875 0.684083 0.026784
3 0.556971 0.274133 0.666884 0.057086
3 0.565512 0.199664 0.683967 0.072238
3 0.548044 0.132696 0.649031 0.041935
