5 0.808747 0.07777 0.105436 0.013295
5 0.494745 0.096937 0.021287 0.012955
5 0.214586 0.0778 0.176885 0.013182
9 0.687479 0.148834 0.359337 0.022803
9 0.686202 0.188488 0.356195 0.036656
9 0.30403 0.236702 0.355559 0.02221
9 0.30461 0.401792 0.356175 0.024745
9 0.304913 0.428227 0.356106 0.022195
9 0.303543 0.5921 0.354046 0.024755
9 0.30482 0.618979 0.355894 0.022488
9 0.304934 0.827857 0.357369 0.112633
9 0.304681 0.905044 0.356869 0.035226
9 0.30504 0.936517 0.356746 0.024524
6 0.305451 0.705423 0.356104 0.094294
6 0.319266 0.513574 0.331545 0.094887
6 0.309289 0.323801 0.351499 0.096073
6 0.301614 0.171389 0.351499 0.066421
6 0.6723 0.585036 0.279358 0.699196
