5 0.5 0.0938 0.809524 0.05317
9 0.429126 0.252854 0.597485 0.211149
9 0.487239 0.391562 0.784001 0.024851
9 0.5 0.431797 0.809524 0.039052
9 0.498377 0.479131 0.806278 0.039051
7 0.253845 0.531387 0.317213 0.01278
9 0.502586 0.587261 0.814696 0.067453
7 0.151959 0.651902 0.113442 0.010651
9 0.494461 0.685923 0.798445 0.024851
9 0.424731 0.780339 0.588696 0.12358
9 0.361997 0.868163 0.533518 0.010651
9 0.253399 0.898675 0.246031 0.009976
9 0.299204 0.929697 0.407932 0.010651
4 0.5 0.970427 0.025105 0.010651
