5 0.888318 0.031878 0.011325 0.007515
7 0.252637 0.058486 0.425686 0.019325
9 0.241441 0.132858 0.403292 0.101657
9 0.247641 0.23738 0.415691 0.088591
9 0.244772 0.3615 0.409955 0.140853
9 0.238061 0.492154 0.396532 0.101657
9 0.684368 0.158943 0.417318 0.153918
9 0.682607 0.296129 0.413796 0.101657
9 0.683339 0.400652 0.41526 0.062461
9 0.68356 0.531305 0.415701 0.153918
9 0.248922 0.596676 0.418254 0.062461
7 0.491192 0.44638 0.030965 0.0102
7 0.213248 0.55748 0.346906 0.0102
7 0.587883 0.361456 0.224347 0.0102
7 0.063399 0.685625 0.047212 0.007515
7 0.229173 0.812872 0.088148 0.007515
7 0.37948 0.822698 0.098151 0.007515
7 0.516651 0.822723 0.08188 0.007515
7 0.656613 0.822765 0.071193 0.007515
7 0.80711 0.82279 0.081575 0.007515
7 0.216237 0.89126 0.062275 0.007515
7 0.508586 0.881517 0.065749 0.007515
7 0.659111 0.891352 0.076188 0.007515
7 0.803658 0.95017 0.074671 0.007515
7 0.068479 0.960021 0.057371 0.007515
9 0.097992 0.700327 0.116398 0.017317
9 0.101339 0.729724 0.123092 0.017317
9 0.095602 0.764021 0.111616 0.027119
9 0.100284 0.793418 0.120981 0.007515
9 0.103304 0.862021 0.127021 0.105532
9 0.077205 0.969823 0.074824 0.007515
9 0.243896 0.935368 0.117593 0.076127
9 0.393559 0.935393 0.126308 0.076127
9 0.360396 0.8325 0.059981 0.007515
9 0.246518 0.827574 0.122838 0.017317
9 0.504819 0.832525 0.058216 0.007515
9 0.667144 0.832567 0.092254 0.007515
9 0.812679 0.832591 0.092713 0.007515
9 0.533134 0.930525 0.114847 0.085929
9 0.679191 0.935459 0.116348 0.076127
9 0.816733 0.964872 0.100821 0.017317
6 0.321461 0.727895 0.27804 0.095402
