9 0.558897 0.126408 0.670738 0.072238
9 0.56519 0.199664 0.683324 0.041935
9 0.479895 0.236254 0.512733 0.011633
9 0.454574 0.690793 0.462099 0.011633
4 0.237015 0.958908 0.262265 0.011633
3 0.558912 0.661778 0.670775 0.026784
3 0.531614 0.625187 0.616176 0.026784
3 0.528016 0.588522 0.608979 0.026784
3 0.560345 0.551931 0.623831 0.026784
3 0.493668 0.522841 0.490476 0.011633
3 0.554882 0.493826 0.662708 0.026784
3 0.558796 0.44966 0.670536 0.041935
3 0.558916 0.390267 0.670777 0.057086
3 0.554756 0.338525 0.662455 0.026784
3 0.555832 0.301935 0.664609 0.026784
3 0.558862 0.265269 0.670668 0.026784
8 0.557979 0.794503 0.673103 0.17792
