9 0.41536 0.093798 0.499964 0.011413
9 0.502587 0.120188 0.703057 0.025614
9 0.499865 0.199001 0.668971 0.011363
9 0.526386 0.265817 0.65546 0.097493
9 0.502587 0.342302 0.703056 0.040009
9 0.502588 0.466435 0.703057 0.040009
9 0.502587 0.549997 0.703058 0.111745
9 0.502586 0.655104 0.703057 0.083099
9 0.502586 0.717267 0.703056 0.025757
3 0.490688 0.146412 0.621981 0.011363
3 0.516907 0.172706 0.674417 0.025757
3 0.349511 0.375723 0.339627 0.011363
3 0.402755 0.39482 0.446115 0.011363
3 0.42484 0.413918 0.490283 0.011363
3 0.395294 0.433015 0.43119 0.011363
1 0.502058 0.792203 0.701999 0.040756
1 0.391031 0.818925 0.479948 0.008689
1 0.390728 0.829614 0.479342 0.008689
1 0.502056 0.845647 0.701999 0.019378
1 0.502056 0.867024 0.701999 0.019378
1 0.502057 0.888402 0.701998 0.019378
4 0.500367 0.951352 0.017743 0.011363
