5 0.8002 0.075414 0.209126 0.010568
5 0.203048 0.075414 0.21562 0.010568
7 0.134779 0.112391 0.079081 0.010378
7 0.22871 0.15402 0.266944 0.010958
7 0.134779 0.341387 0.079081 0.010378
7 0.130385 0.382726 0.070294 0.010378
7 0.147959 0.452466 0.105442 0.010379
7 0.130385 0.493806 0.070294 0.010379
7 0.134779 0.535145 0.079081 0.010379
7 0.117205 0.590685 0.043934 0.010379
7 0.143566 0.711651 0.096655 0.010378
7 0.139172 0.752991 0.087868 0.010378
7 0.182895 0.8266 0.175314 0.010958
7 0.134779 0.867649 0.079081 0.010378
4 0.5 0.93074 0.025105 0.010651
9 0.514117 0.893707 0.754076 0.024852
9 0.271501 0.845267 0.268843 0.010651
9 0.333336 0.799351 0.476197 0.010651
9 0.327134 0.771948 0.380109 0.010651
9 0.380643 0.730609 0.487127 0.010651
9 0.408491 0.689269 0.542824 0.010651
9 0.496566 0.616742 0.718974 0.024851
9 0.499353 0.656556 0.724547 0.039051
9 0.516811 0.561202 0.759464 0.024851
9 0.305967 0.512763 0.337775 0.010651
9 0.287799 0.471423 0.30144 0.010651
9 0.519613 0.415872 0.765068 0.039076
9 0.376432 0.360344 0.478705 0.010651
9 0.52092 0.269303 0.767682 0.110053
9 0.520435 0.186888 0.766712 0.039052
9 0.279325 0.131348 0.284492 0.010651
