9 0.558884 0.118832 0.67071 0.057086
9 0.442341 0.169361 0.437623 0.011633
9 0.558917 0.219815 0.670775 0.057086
9 0.542236 0.457241 0.637414 0.026784
9 0.529502 0.492544 0.611946 0.011633
9 0.558803 0.741405 0.670548 0.087544
9 0.317904 0.843603 0.188748 0.011633
9 0.472546 0.864954 0.498032 0.011079
4 0.241508 0.958908 0.271251 0.011633
3 0.333283 0.815712 0.219507 0.011079
3 0.329166 0.800561 0.211272 0.011079
3 0.427711 0.675647 0.408363 0.011633
3 0.549012 0.654208 0.650965 0.011633
3 0.49997 0.632769 0.552881 0.011633
3 0.558818 0.580952 0.670576 0.072238
3 0.541696 0.521634 0.636333 0.026784
0 0.422251 0.269801 0.397443 0.01083
8 0.559424 0.350244 0.673176 0.148752
