9 0.365646 0.094494 0.489276 0.011844
7 0.353713 0.145913 0.465412 0.015369
9 0.500264 0.194393 0.758513 0.03549
9 0.500285 0.245987 0.758555 0.044045
9 0.220511 0.340337 0.199005 0.011844
9 0.50025 0.45506 0.758486 0.067703
9 0.500304 0.537934 0.758588 0.091219
9 0.500296 0.632566 0.758576 0.091218
9 0.500198 0.699334 0.758379 0.03549
9 0.500213 0.759264 0.758412 0.043903
9 0.418895 0.798959 0.595777 0.011844
9 0.500281 0.899936 0.758545 0.051871
2 0.500167 0.846563 0.211765 0.036338
4 0.50032 0.94703 0.008372 0.011832
2 0.483529 0.301213 0.336201 0.020245
2 0.483427 0.388006 0.350924 0.020245
