6 0.321078 0.252043 0.401058 0.387849
6 0.73991 0.779257 0.399513 0.166052
4 0.924883 0.948495 0.038367 0.015904
0 0.696091 0.879124 0.312135 0.013969
0 0.239393 0.463262 0.234696 0.013969
9 0.745646 0.070994 0.410485 0.030969
9 0.747264 0.178552 0.413721 0.111718
9 0.743756 0.267376 0.406704 0.030969
9 0.328468 0.524624 0.414512 0.063269
9 0.32835 0.621523 0.414276 0.095568
9 0.329154 0.734572 0.415884 0.095568
9 0.328813 0.866355 0.415202 0.095568
9 0.746641 0.585205 0.412475 0.192468
3 0.712837 0.297415 0.314562 0.014819
3 0.742311 0.335529 0.373512 0.047119
3 0.75375 0.381717 0.396389 0.030969
3 0.753652 0.419831 0.396192 0.030969
7 0.60798 0.111452 0.135152 0.014651
7 0.649857 0.459831 0.218906 0.017041
7 0.630941 0.477392 0.181074 0.017196
7 0.188788 0.807331 0.135152 0.014651
