5 0.813237 0.075414 0.18305 0.010568
5 0.171056 0.075414 0.151635 0.010568
9 0.519405 0.119935 0.76465 0.024851
9 0.506588 0.159884 0.739018 0.039051
9 0.520251 0.23003 0.766344 0.039052
9 0.513986 0.26998 0.753813 0.024851
9 0.506913 0.302828 0.739667 0.024851
9 0.507527 0.365874 0.740896 0.039051
9 0.347952 0.408876 0.351455 0.009976
9 0.512317 0.445286 0.750476 0.024852
9 0.523783 0.478135 0.773406 0.024851
9 0.502154 0.510984 0.73015 0.024851
9 0.517473 0.597126 0.760787 0.039051
9 0.48302 0.683269 0.691882 0.024851
9 0.530293 0.783611 0.786428 0.067451
9 0.504636 0.860858 0.735113 0.024852
9 0.520418 0.893707 0.766678 0.024851
4 0.5 0.93074 0.025105 0.010651
7 0.118368 0.835109 0.04626 0.010651
7 0.116971 0.736563 0.043465 0.010651
7 0.176127 0.713466 0.161778 0.010651
7 0.1179 0.65752 0.045323 0.010651
7 0.154202 0.634423 0.117927 0.010651
7 0.1179 0.564278 0.045323 0.010651
7 0.152419 0.541181 0.114362 0.010651
7 0.109179 0.333025 0.027882 0.010651
7 0.104996 0.197181 0.019515 0.010651
