5 0.818242 0.075414 0.173041 0.010568
5 0.171056 0.075414 0.151635 0.010568
7 0.209622 0.112284 0.228767 0.01278
7 0.130385 0.292095 0.070294 0.010378
7 0.147959 0.348711 0.105442 0.010378
7 0.143566 0.6729 0.096655 0.010379
7 0.183106 0.696443 0.175736 0.010379
4 0.5 0.93074 0.025105 0.010651
9 0.299625 0.900553 0.254801 0.009976
9 0.433989 0.870411 0.593819 0.010651
9 0.457982 0.85154 0.641805 0.010651
9 0.304018 0.82089 0.263587 0.009976
9 0.157222 0.790749 0.040285 0.010651
9 0.312805 0.7601 0.281161 0.009976
9 0.508025 0.722859 0.741891 0.024852
9 0.525609 0.6427 0.777059 0.024851
9 0.260092 0.60495 0.175736 0.009976
9 0.397194 0.57481 0.520229 0.010651
9 0.534979 0.396427 0.7958 0.067453
9 0.510438 0.318511 0.746718 0.024851
9 0.498369 0.248068 0.806261 0.039051
9 0.48831 0.200919 0.786143 0.039051
9 0.498293 0.15377 0.80611 0.039051
9 0.277666 0.499564 0.210883 0.099167
