5 0.809095 0.075286 0.191335 0.010568
5 0.17534 0.075286 0.160204 0.010568
9 0.490109 0.112708 0.789742 0.010651
9 0.414474 0.248734 0.638471 0.010651
9 0.497498 0.444676 0.80452 0.024851
9 0.515884 0.520645 0.841291 0.024851
9 0.332471 0.567104 0.333882 0.036385
9 0.499908 0.61407 0.80934 0.024851
9 0.49954 0.737889 0.808604 0.024851
4 0.5 0.930613 0.025105 0.010651
9 0.310504 0.835044 0.360242 0.137779
9 0.376404 0.675725 0.421747 0.066778
9 0.407159 0.3429 0.553552 0.146002
9 0.350045 0.180466 0.439323 0.093187
7 0.427363 0.487707 0.664249 0.01278
