7 0.10331 0.06333 0.085407 0.017196
7 0.12468 0.437241 0.128148 0.017041
4 0.079789 0.948499 0.038367 0.015904
9 0.6867 0.824223 0.413805 0.095568
9 0.267652 0.866233 0.414091 0.095568
9 0.264223 0.761259 0.407234 0.079419
9 0.267032 0.66436 0.412852 0.079419
9 0.269604 0.527086 0.417996 0.160168
9 0.267663 0.324567 0.414114 0.176318
9 0.268013 0.146918 0.414815 0.144018
9 0.686856 0.51737 0.414116 0.063269
9 0.68688 0.670799 0.414153 0.047119
9 0.678049 0.598122 0.396493 0.063274
0 0.571515 0.460082 0.185454 0.013969
6 0.679653 0.250152 0.404555 0.390308
2 0.648622 0.735399 0.319815 0.047119
