5 0.813279 0.075286 0.182966 0.010568
5 0.181424 0.075286 0.172372 0.010568
3 0.322414 0.112708 0.404042 0.010651
3 0.26776 0.136131 0.294734 0.010651
3 0.300338 0.159555 0.359891 0.010651
3 0.217516 0.182978 0.194247 0.010651
3 0.278907 0.206403 0.317028 0.010651
3 0.24617 0.229827 0.251554 0.010651
3 0.34146 0.324308 0.442135 0.010651
3 0.240128 0.347733 0.23947 0.010651
3 0.321755 0.371156 0.402724 0.010651
3 0.259383 0.39458 0.277981 0.010651
3 0.331142 0.418003 0.421499 0.010651
3 0.317945 0.441427 0.395105 0.010651
3 0.217985 0.464851 0.195184 0.010651
3 0.227056 0.488275 0.213327 0.010651
3 0.256714 0.511698 0.272642 0.010651
3 0.261911 0.535122 0.283035 0.010651
3 0.279066 0.558546 0.317346 0.010651
3 0.275861 0.58197 0.310936 0.010651
3 0.266291 0.605393 0.291797 0.010651
3 0.341402 0.628817 0.442018 0.010651
3 0.234738 0.652242 0.228691 0.010651
3 0.291869 0.675665 0.342953 0.010651
3 0.266321 0.699089 0.291856 0.010651
3 0.497171 0.753037 0.753556 0.024851
3 0.361966 0.722512 0.483147 0.010651
3 0.32469 0.78356 0.408595 0.010651
3 0.323293 0.806984 0.4058 0.010651
3 0.330347 0.830407 0.419909 0.010651
3 0.306774 0.853832 0.372761 0.010651
3 0.318188 0.877256 0.39559 0.010651
3 0.320355 0.900679 0.399925 0.010651
4 0.5 0.930613 0.025105 0.010651
9 0.453129 0.294516 0.715782 0.010651
7 0.252581 0.267407 0.314685 0.01278
