5 0.806618 0.075286 0.196289 0.010568
5 0.171056 0.075286 0.151635 0.010568
9 0.334771 0.126654 0.325093 0.038377
9 0.369919 0.774718 0.395389 0.261389
4 0.5 0.930613 0.025105 0.010651
9 0.287911 0.621915 0.301664 0.010651
9 0.512523 0.582249 0.750888 0.053252
9 0.488058 0.535484 0.701957 0.024851
9 0.507799 0.495819 0.741439 0.039051
9 0.503154 0.463254 0.73215 0.010651
9 0.517817 0.409388 0.761476 0.081653
9 0.523115 0.312921 0.772072 0.095853
9 0.523389 0.237755 0.77262 0.039051
9 0.514652 0.175561 0.755146 0.024851
7 0.226839 0.20519 0.263203 0.010651
