7 0.266034 0.188491 0.355907 0.009716
7 0.222929 0.073275 0.269778 0.009716
5 0.298528 0.050865 0.420586 0.017008
9 0.487176 0.099968 0.798279 0.022648
3 0.306037 0.127025 0.377559 0.010261
3 0.247062 0.144979 0.259579 0.010261
3 0.236273 0.162934 0.237973 0.010261
9 0.489299 0.228076 0.802503 0.048411
9 0.487233 0.278071 0.798382 0.022648
9 0.487489 0.334497 0.798926 0.061274
9 0.487595 0.403839 0.799138 0.048477
7 0.189183 0.447629 0.202314 0.009716
9 0.487216 0.480803 0.798353 0.035534
9 0.489052 0.582347 0.802045 0.138621
9 0.487879 0.696777 0.799695 0.061307
9 0.487206 0.773681 0.798338 0.022648
7 0.194096 0.746982 0.212117 0.009716
9 0.488703 0.830147 0.801334 0.061352
4 0.091826 0.958754 0.007181 0.008144
4 0.50184 0.958194 0.273287 0.007058
