5 0.228441 0.050099 0.326476 0.056477
7 0.17358 0.142017 0.098511 0.01464
7 0.272308 0.174163 0.328401 0.02214
7 0.695915 0.140124 0.321559 0.011419
7 0.682356 0.161594 0.294441 0.012737
7 0.650089 0.323517 0.229906 0.012737
9 0.730596 0.238421 0.390921 0.131114
9 0.304122 0.215403 0.392027 0.041563
9 0.303042 0.2828 0.389867 0.071413
9 0.304331 0.365122 0.392445 0.071413
9 0.730251 0.452581 0.39026 0.23559
9 0.302734 0.454907 0.389252 0.086338
9 0.302819 0.529766 0.389421 0.041563
9 0.303463 0.705773 0.39071 0.160964
9 0.729916 0.657428 0.38956 0.086338
7 0.689259 0.596064 0.308246 0.02214
7 0.274145 0.607095 0.332074 0.02214
7 0.156429 0.576682 0.096642 0.01464
4 0.229631 0.972557 0.324981 0.016104
