5 0.691685 0.027135 0.445226 0.026426
7 0.199612 0.091156 0.229491 0.018554
7 0.273023 0.687673 0.376313 0.018554
7 0.197932 0.810134 0.226131 0.018554
9 0.237527 0.118446 0.305321 0.018779
3 0.180889 0.138638 0.185326 0.018779
3 0.274359 0.158843 0.372265 0.018779
3 0.16016 0.179047 0.143866 0.018779
8 0.478578 0.303918 0.779999 0.082457
9 0.510955 0.233461 0.852178 0.06154
9 0.513517 0.388674 0.857301 0.06154
9 0.512224 0.501277 0.854714 0.147062
9 0.511636 0.628135 0.853538 0.090048
9 0.505395 0.750597 0.841057 0.090048
9 0.373019 0.837424 0.576305 0.018779
9 0.512644 0.871633 0.855554 0.033033
9 0.495694 0.912968 0.821654 0.033033
4 0.516665 0.976362 0.096063 0.015023
