8 0.282543 0.269641 0.412313 0.087197
8 0.713084 0.252201 0.414049 0.052318
9 0.71533 0.349144 0.411051 0.111808
9 0.284969 0.442894 0.410788 0.231126
9 0.715122 0.459599 0.410635 0.077717
9 0.28504 0.664144 0.410929 0.17999
9 0.284912 0.800167 0.410674 0.060672
9 0.678275 0.705053 0.336941 0.009535
3 0.724103 0.527439 0.391952 0.026581
3 0.724175 0.569712 0.392096 0.026581
3 0.726796 0.620508 0.397339 0.043626
3 0.72667 0.671303 0.397084 0.026581
3 0.727164 0.738803 0.398074 0.026581
3 0.725523 0.781076 0.394791 0.026581
4 0.500209 0.966638 0.180826 0.024026
7 0.61355 0.217023 0.207492 0.009384
7 0.114327 0.217023 0.069505 0.009384
5 0.280508 0.14015 0.401865 0.020727
