9 0.518067 0.139934 0.705073 0.073924
3 0.512441 0.208064 0.69382 0.05454
3 0.519905 0.295739 0.708748 0.113013
3 0.500377 0.383414 0.706378 0.05454
3 0.523446 0.432088 0.71583 0.035013
3 0.48109 0.47107 0.631118 0.034871
3 0.47746 0.500289 0.623858 0.015486
3 0.45307 0.519816 0.575077 0.015486
3 0.383024 0.5392 0.434985 0.015486
3 0.490716 0.568514 0.65037 0.035013
3 0.473919 0.607426 0.616775 0.035013
3 0.498517 0.656171 0.702658 0.054397
3 0.500693 0.714609 0.744099 0.054397
3 0.506083 0.821737 0.717789 0.151777
4 0.502561 0.933212 0.025716 0.015486
