5 0.794693 0.115101 0.220139 0.010568
5 0.209542 0.115101 0.228608 0.010568
4 0.5 0.970427 0.033474 0.010651
3 0.291717 0.152522 0.342649 0.010651
3 0.426582 0.176096 0.612379 0.010651
3 0.506961 0.213872 0.773136 0.039051
3 0.471805 0.251646 0.702824 0.010651
3 0.502702 0.275222 0.764618 0.010651
3 0.30165 0.298796 0.362514 0.010651
3 0.258963 0.322371 0.27714 0.010651
3 0.510412 0.353046 0.780038 0.024851
3 0.502643 0.390821 0.7645 0.024851
3 0.400866 0.421496 0.560946 0.010651
3 0.26662 0.445071 0.292455 0.010651
3 0.39296 0.520697 0.545133 0.010651
3 0.492602 0.551373 0.744418 0.024851
3 0.283378 0.582047 0.325971 0.010651
3 0.405092 0.605623 0.569398 0.010651
3 0.262848 0.629197 0.28491 0.010651
3 0.306765 0.652771 0.372745 0.010651
3 0.295158 0.676347 0.349531 0.010651
3 0.36239 0.699921 0.483993 0.010651
3 0.231692 0.723496 0.222599 0.010651
3 0.448676 0.74707 0.656567 0.010651
3 0.517263 0.777745 0.793741 0.024851
3 0.28839 0.80842 0.335995 0.010651
3 0.442074 0.831995 0.643361 0.010651
3 0.218445 0.85557 0.196105 0.010651
3 0.510996 0.879144 0.781206 0.010651
3 0.477154 0.90982 0.713522 0.024851
3 0.419234 0.940494 0.597682 0.010651
7 0.233125 0.488349 0.275773 0.015336
