5 0.818242 0.115101 0.173041 0.010568
5 0.171056 0.115101 0.151635 0.010568
7 0.239756 0.151971 0.289036 0.01278
7 0.228771 0.494407 0.267065 0.01278
7 0.240861 0.668805 0.291245 0.01278
9 0.501005 0.186544 0.811533 0.024851
9 0.484268 0.416116 0.778059 0.024851
9 0.482845 0.449251 0.775214 0.024851
9 0.496025 0.52898 0.801574 0.024851
9 0.494427 0.562114 0.798378 0.024851
9 0.332472 0.615111 0.386603 0.040744
9 0.492912 0.724679 0.795348 0.067453
9 0.5 0.786214 0.809524 0.039051
9 0.5 0.826449 0.809524 0.024851
4 0.5 0.970427 0.033474 0.010651
9 0.244612 0.899563 0.210883 0.080977
9 0.262178 0.301075 0.246014 0.163813
