5 0.07387 0.037367 0.014407 0.011612
5 0.131678 0.055125 0.130022 0.019664
5 0.978641 0.127656 0.014134 0.033084
5 0.978641 0.314203 0.014135 0.056015
5 0.978641 0.526309 0.014134 0.130047
5 0.978641 0.657281 0.014134 0.041831
5 0.978758 0.848862 0.01437 0.074831
7 0.204422 0.172509 0.275511 0.013063
7 0.167495 0.185679 0.201656 0.01285
7 0.148975 0.37562 0.164616 0.013063
7 0.135836 0.663123 0.138339 0.01285
9 0.424661 0.198834 0.715989 0.012668
9 0.510923 0.401944 0.888513 0.038795
9 0.491275 0.447666 0.849217 0.025731
9 0.504406 0.49992 0.875479 0.051858
9 0.509553 0.558706 0.885773 0.038795
9 0.406706 0.597896 0.680078 0.012668
9 0.508224 0.630555 0.883115 0.025731
9 0.506754 0.695872 0.880176 0.051858
9 0.506781 0.774253 0.880229 0.077985
8 0.509872 0.276638 0.892611 0.132938
