2 0.311981 0.177154 0.353375 0.024692
2 0.738844 0.148442 0.35965 0.114843
2 0.754826 0.298187 0.327689 0.065341
2 0.333845 0.34223 0.309649 0.064237
2 0.727667 0.397757 0.382003 0.03802
2 0.297669 0.650714 0.382002 0.02151
2 0.313355 0.779121 0.351021 0.077414
2 0.300707 0.912381 0.376316 0.02151
9 0.288632 0.851552 0.400793 0.07167
9 0.718333 0.871779 0.400584 0.084852
9 0.718394 0.624734 0.400712 0.405003
9 0.288499 0.696375 0.400527 0.059597
9 0.288537 0.612233 0.400603 0.026973
9 0.288712 0.488067 0.400953 0.217427
9 0.718241 0.232385 0.400405 0.041518
9 0.288626 0.244734 0.400782 0.102579
9 0.288625 0.111325 0.400779 0.084852
9 0.53383 0.075188 0.031583 0.012579
5 0.914462 0.042461 0.008139 0.012579
