7 0.244704 0.046856 0.312937 0.007601
9 0.256254 0.054755 0.336036 0.006515
9 0.24728 0.352506 0.318481 0.007623
9 0.487487 0.40361 0.798882 0.022648
9 0.487858 0.453599 0.799623 0.048398
9 0.487684 0.548649 0.799304 0.112772
9 0.487906 0.678982 0.799734 0.048398
9 0.488798 0.812579 0.801547 0.074227
9 0.488247 0.875482 0.800444 0.022648
4 0.50184 0.958194 0.273287 0.007058
4 0.095417 0.958754 0.014363 0.008144
7 0.237813 0.726572 0.299546 0.015886
7 0.158258 0.758806 0.140438 0.011402
7 0.224627 0.628541 0.273174 0.015886
7 0.107166 0.376638 0.038259 0.009773
8 0.484315 0.203209 0.79707 0.271913
