3 0.551176 0.103681 0.655293 0.026784
3 0.549925 0.221103 0.652792 0.011633
3 0.534504 0.242542 0.62195 0.011633
3 0.546667 0.271632 0.646276 0.026784
3 0.549017 0.56959 0.650974 0.011633
3 0.464413 0.591029 0.481763 0.011633
3 0.558856 0.620119 0.67065 0.026784
3 0.546221 0.781709 0.645379 0.041935
3 0.558939 0.847389 0.670816 0.026784
4 0.241508 0.958908 0.271251 0.011633
9 0.430784 0.818286 0.367446 0.011079
9 0.558122 0.737543 0.66918 0.026784
9 0.54158 0.678226 0.616493 0.041935
9 0.501806 0.54815 0.556552 0.011633
9 0.558891 0.48118 0.651119 0.072238
9 0.558899 0.398761 0.67074 0.045258
9 0.546222 0.322086 0.645385 0.041935
9 0.558897 0.169361 0.670736 0.072238
7 0.345257 0.366837 0.243455 0.012824
