5 0.795932 0.115101 0.217662 0.010568
5 0.231635 0.115101 0.272793 0.010568
7 0.134201 0.152522 0.077926 0.010651
7 0.160235 0.195124 0.129995 0.010651
7 0.161156 0.237724 0.131836 0.010651
7 0.138938 0.280326 0.087399 0.010651
7 0.138938 0.322927 0.087399 0.010651
7 0.133356 0.365528 0.076236 0.010651
7 0.153499 0.408129 0.116521 0.010651
7 0.178453 0.450731 0.16643 0.010651
7 0.128243 0.493331 0.06601 0.010651
7 0.160319 0.535933 0.130162 0.010651
7 0.154737 0.578534 0.118998 0.010651
7 0.158763 0.621135 0.127049 0.010651
7 0.159859 0.663736 0.129241 0.010651
7 0.158361 0.706338 0.126245 0.010651
7 0.187182 0.748938 0.183887 0.010651
7 0.146369 0.79154 0.102262 0.010651
7 0.150553 0.834141 0.11063 0.010651
7 0.201224 0.876742 0.211971 0.010651
7 0.151022 0.919343 0.111567 0.010651
9 0.28007 0.171455 0.285981 0.010651
9 0.29238 0.214057 0.310601 0.010651
9 0.294238 0.256658 0.314317 0.010651
9 0.284647 0.29926 0.295136 0.010651
9 0.321594 0.34186 0.369029 0.010651
9 0.203566 0.384462 0.132974 0.010651
9 0.228203 0.427062 0.182247 0.010651
9 0.250973 0.469664 0.227788 0.010651
9 0.28653 0.512265 0.298902 0.010651
9 0.227952 0.554867 0.181745 0.010651
9 0.302129 0.597467 0.330099 0.010651
9 0.34382 0.640069 0.413482 0.010651
9 0.336439 0.682669 0.39872 0.010651
9 0.228353 0.725271 0.182548 0.010651
9 0.299342 0.810474 0.324526 0.010651
9 0.252965 0.767872 0.231771 0.010651
9 0.274898 0.853074 0.275638 0.010651
9 0.306974 0.895676 0.33979 0.010651
9 0.2833 0.938277 0.292442 0.010651
4 0.5 0.970427 0.025105 0.010651
