5 0.228441 0.050099 0.326476 0.056477
9 0.739858 0.162649 0.366218 0.056496
9 0.313781 0.268457 0.368116 0.086338
9 0.314367 0.399164 0.369287 0.160964
9 0.74209 0.405758 0.370679 0.116189
7 0.282073 0.168802 0.34793 0.011419
9 0.74142 0.211272 0.369312 0.026637
9 0.260226 0.189759 0.304236 0.011712
3 0.74164 0.244972 0.369764 0.026637
3 0.742568 0.293592 0.371619 0.056488
7 0.622753 0.334355 0.175235 0.013176
7 0.258158 0.211979 0.3001 0.013176
7 0.17358 0.142016 0.098511 0.01464
4 0.229624 0.972557 0.324968 0.016104
1 0.515432 0.898573 0.814648 0.053672
