7 0.332147 0.122169 0.428385 0.01604
7 0.274341 0.145737 0.313542 0.011341
7 0.730617 0.145737 0.383264 0.011341
9 0.740734 0.191785 0.405692 0.075355
9 0.320673 0.185282 0.406515 0.062349
9 0.530937 0.291074 0.829236 0.023342
7 0.295245 0.263067 0.354582 0.01604
9 0.520297 0.537296 0.805566 0.030887
9 0.308345 0.574911 0.384052 0.010343
9 0.530129 0.714391 0.826044 0.023345
8 0.529376 0.639867 0.826 0.096282
8 0.529376 0.411257 0.826 0.195468
4 0.924527 0.96417 0.036294 0.024851
4 0.742345 0.965573 0.278803 0.007317
