5 0.790509 0.115101 0.228507 0.010568
5 0.313687 0.115101 0.436897 0.010568
7 0.124528 0.152522 0.058579 0.010651
7 0.137616 0.195124 0.084755 0.010651
7 0.131038 0.251924 0.0716 0.010651
7 0.144051 0.294526 0.097626 0.010651
7 0.12436 0.337127 0.058244 0.010651
7 0.138938 0.379728 0.087399 0.010651
7 0.151022 0.422329 0.111567 0.010651
7 0.152411 0.464931 0.114346 0.010651
7 0.129632 0.507531 0.068788 0.010651
7 0.12267 0.550133 0.054863 0.010651
7 0.13821 0.592734 0.085943 0.010651
7 0.130093 0.635336 0.069709 0.010651
7 0.13708 0.677936 0.083684 0.010651
7 0.135691 0.734738 0.080906 0.010651
7 0.143432 0.777339 0.096387 0.010651
7 0.154604 0.81994 0.118731 0.010651
4 0.5 0.970427 0.033474 0.010651
9 0.26807 0.838874 0.261981 0.010651
9 0.385051 0.796273 0.495944 0.010651
9 0.26807 0.753672 0.261981 0.010651
9 0.521598 0.70397 0.769038 0.024852
9 0.44112 0.654269 0.608081 0.010651
9 0.299886 0.611667 0.325614 0.010651
9 0.24576 0.569067 0.217361 0.010651
9 0.512435 0.526465 0.750711 0.010651
9 0.287794 0.483864 0.301429 0.010651
9 0.454986 0.441263 0.635813 0.010651
9 0.310991 0.398662 0.347824 0.010651
9 0.26807 0.35606 0.261981 0.010651
9 0.243776 0.31346 0.213394 0.010651
9 0.432559 0.270858 0.590959 0.010651
9 0.502652 0.221157 0.731146 0.024851
9 0.413337 0.171455 0.552515 0.010651
