5 0.914462 0.042675 0.008139 0.011321
9 0.288593 0.08277 0.400716 0.026888
9 0.293063 0.240837 0.409657 0.207949
9 0.288603 0.406615 0.400736 0.117078
9 0.288656 0.558598 0.400843 0.079094
9 0.288691 0.726993 0.400911 0.132079
9 0.718407 0.855327 0.400736 0.116927
9 0.293138 0.855327 0.409805 0.116927
0 0.718302 0.744938 0.400526 0.036553
0 0.718302 0.38918 0.400526 0.07625
2 0.296141 0.489078 0.385617 0.039278
2 0.34575 0.116249 0.2864 0.012579
7 0.288524 0.633877 0.194304 0.010189
6 0.719442 0.199415 0.349484 0.270792
6 0.717538 0.577272 0.345675 0.265641
