5 0.807087 0.115101 0.195352 0.010568
5 0.172144 0.115101 0.153811 0.010568
7 0.185773 0.151971 0.181069 0.01278
7 0.169757 0.553575 0.149037 0.01278
4 0.5 0.970427 0.033474 0.010651
9 0.497348 0.193644 0.80422 0.039051
9 0.504427 0.240979 0.818378 0.039051
9 0.491515 0.288313 0.792553 0.039051
9 0.352305 0.515519 0.514134 0.010651
9 0.14313 0.453984 0.095785 0.010651
9 0.494352 0.595248 0.798227 0.039051
9 0.481279 0.635483 0.772082 0.024851
9 0.500339 0.668617 0.810203 0.024851
9 0.263306 0.836655 0.336137 0.010651
3 0.473646 0.706485 0.706506 0.010651
3 0.342682 0.730152 0.444579 0.010651
3 0.4175 0.75382 0.594215 0.010651
3 0.498296 0.791687 0.755807 0.039051
9 0.213858 0.377994 0.166949 0.099912
9 0.15235 0.484497 0.043934 0.009976
