7 0.674025 0.166373 0.271861 0.013056
7 0.280514 0.173203 0.370552 0.026716
7 0.590121 0.405131 0.104053 0.013056
7 0.215146 0.456402 0.239816 0.013056
7 0.590991 0.643888 0.105792 0.013056
7 0.579437 0.732581 0.082683 0.013056
7 0.136947 0.749991 0.083418 0.013056
9 0.736952 0.862354 0.397714 0.094676
9 0.736325 0.773662 0.39646 0.067356
9 0.734167 0.684969 0.392144 0.067356
9 0.30142 0.811561 0.412364 0.108335
9 0.298037 0.599931 0.405598 0.272252
9 0.74083 0.603107 0.40547 0.053696
9 0.745673 0.548564 0.415157 0.040037
9 0.745514 0.466701 0.414838 0.108335
9 0.298324 0.401961 0.406172 0.081016
9 0.744524 0.384838 0.412859 0.012717
9 0.72981 0.350785 0.383431 0.040037
9 0.298444 0.272289 0.406412 0.162974
9 0.739689 0.248433 0.403188 0.149315
4 0.861378 0.972303 0.182006 0.013387
