3 0.240354 0.062914 0.207997 0.014819
3 0.33924 0.092953 0.345162 0.030969
3 0.348595 0.122991 0.363872 0.014819
3 0.347597 0.15303 0.361877 0.030969
3 0.346645 0.191144 0.359973 0.030969
3 0.348223 0.229258 0.363128 0.030969
3 0.336566 0.259296 0.339815 0.014819
3 0.339167 0.29741 0.345016 0.047119
3 0.24314 0.335524 0.213569 0.014819
3 0.348039 0.373637 0.362761 0.047119
3 0.348587 0.419826 0.363855 0.030969
3 0.348019 0.482164 0.36272 0.079419
3 0.33892 0.544503 0.344523 0.030969
3 0.347628 0.582617 0.361938 0.030969
3 0.344943 0.62073 0.356567 0.030969
3 0.343595 0.658844 0.353872 0.030969
3 0.344028 0.696958 0.354737 0.030969
3 0.345868 0.735071 0.358417 0.030969
3 0.339167 0.773185 0.345016 0.030969
3 0.297054 0.803224 0.260791 0.014819
3 0.341398 0.849413 0.349479 0.063269
3 0.767286 0.866854 0.36287 0.030969
3 0.627273 0.836816 0.143451 0.014819
4 0.924883 0.948495 0.038367 0.015904
3 0.64293 0.062914 0.174764 0.014819
3 0.757957 0.092953 0.344213 0.030969
3 0.764723 0.131066 0.357744 0.030969
3 0.758415 0.16918 0.345129 0.030969
3 0.762538 0.207294 0.353374 0.030969
3 0.702922 0.237332 0.234141 0.014819
3 0.758133 0.267371 0.344564 0.030969
3 0.758304 0.305485 0.344907 0.030969
3 0.689125 0.335524 0.206549 0.014819
3 0.709942 0.357487 0.248182 0.014819
3 0.762544 0.387526 0.353386 0.030969
3 0.657669 0.417565 0.204242 0.014819
3 0.753906 0.439529 0.336111 0.014819
3 0.760674 0.477643 0.349646 0.047119
3 0.758019 0.523831 0.344336 0.030969
3 0.766507 0.57002 0.361313 0.047119
3 0.766519 0.616208 0.361337 0.030969
3 0.767921 0.654322 0.364141 0.030969
3 0.636154 0.684361 0.161212 0.014819
3 0.764396 0.7144 0.357091 0.030969
3 0.764634 0.760588 0.357567 0.047119
3 0.766743 0.806777 0.361784 0.030969
