9 0.315955 0.079068 0.389478 0.047119
9 0.32694 0.167892 0.411448 0.095568
9 0.327382 0.356846 0.41234 0.208618
9 0.747761 0.423727 0.414714 0.160168
9 0.328075 0.534494 0.413726 0.111718
9 0.747214 0.577151 0.41362 0.111718
9 0.326296 0.655618 0.410168 0.095568
9 0.328721 0.800967 0.415019 0.160168
9 0.747261 0.762874 0.413714 0.224767
4 0.924891 0.948494 0.038367 0.015904
7 0.580284 0.332064 0.079759 0.017196
7 0.16674 0.240958 0.091056 0.017196
0 0.716105 0.298584 0.352075 0.013969
6 0.74026 0.168928 0.403047 0.22678
