5 0.791455 0.075414 0.226616 0.010568
5 0.196521 0.075414 0.202565 0.010568
7 0.233039 0.112284 0.275601 0.01278
7 0.216629 0.225816 0.242781 0.015336
7 0.176414 0.260026 0.162352 0.01278
4 0.5 0.93074 0.025105 0.010651
9 0.5 0.161057 0.809524 0.053251
9 0.5 0.3088 0.809524 0.053253
9 0.489766 0.455537 0.789055 0.024851
9 0.504687 0.559674 0.818897 0.053252
9 0.473004 0.599908 0.755532 0.010651
9 0.49808 0.718245 0.805683 0.039052
9 0.44155 0.822381 0.692623 0.010651
9 0.398373 0.777158 0.553552 0.038378
9 0.284145 0.651722 0.325095 0.052577
9 0.341259 0.500251 0.439324 0.024176
9 0.205072 0.389014 0.166949 0.066777
