9 0.288612 0.304204 0.400755 0.388791
9 0.288493 0.623825 0.400516 0.070458
9 0.718332 0.653673 0.400587 0.070458
9 0.718267 0.549355 0.400452 0.041518
9 0.718349 0.130567 0.400618 0.041519
9 0.718296 0.166779 0.400513 0.026973
9 0.718438 0.278901 0.400798 0.099397
2 0.722276 0.206046 0.392394 0.046316
2 0.718431 0.355744 0.400783 0.052681
2 0.721786 0.594527 0.393372 0.047522
9 0.71828 0.455264 0.400481 0.142731
0 0.71829 0.872321 0.400502 0.077382
0 0.288692 0.856942 0.400913 0.103897
9 0.718395 0.941628 0.400712 0.026973
9 0.288437 0.941627 0.400402 0.026973
6 0.719277 0.762381 0.187638 0.106016
6 0.289527 0.728861 0.2865 0.106016
7 0.288435 0.549296 0.310988 0.036564
5 0.914462 0.08337 0.008139 0.012579
