5 0.794693 0.115101 0.220139 0.010568
5 0.224321 0.115101 0.258165 0.010568
3 0.510055 0.166722 0.779325 0.039051
3 0.488546 0.204424 0.736307 0.010651
3 0.51573 0.235025 0.790673 0.024851
3 0.512575 0.441055 0.784365 0.081653
3 0.474005 0.526008 0.707224 0.024851
3 0.398288 0.556609 0.55579 0.010651
3 0.46562 0.587211 0.690454 0.024851
3 0.511252 0.624912 0.781717 0.024851
3 0.484229 0.655514 0.727672 0.010651
4 0.5 0.970427 0.033474 0.010651
9 0.453394 0.811837 0.562339 0.262593
9 0.485288 0.495406 0.696417 0.010651
9 0.510089 0.363201 0.74602 0.010651
9 0.254701 0.382053 0.235243 0.010651
9 0.413853 0.302409 0.483258 0.070514
