7 0.169955 0.200821 0.149434 0.022089
7 0.181578 0.26117 0.172679 0.026498
7 0.206037 0.369456 0.221597 0.015336
7 0.340345 0.527289 0.490213 0.015336
4 0.499999 0.930613 0.016737 0.010651
9 0.498887 0.879379 0.807298 0.053251
9 0.495138 0.820255 0.7998 0.053251
9 0.49831 0.714776 0.806144 0.024851
9 0.496184 0.587997 0.801893 0.010651
9 0.495908 0.564374 0.80134 0.024852
9 0.49795 0.479864 0.805424 0.024851
9 0.498954 0.42784 0.807432 0.067451
9 0.238028 0.329132 0.28558 0.010651
9 0.244611 0.647582 0.158163 0.080978
9 0.323684 0.76016 0.316308 0.038377
