9 0.498566 0.157466 0.761838 0.041047
9 0.49837 0.263905 0.761444 0.041198
3 0.358449 0.321253 0.481602 0.013774
3 0.300215 0.348678 0.365134 0.013774
3 0.294626 0.375951 0.353956 0.013774
3 0.28335 0.403375 0.331408 0.013774
3 0.413841 0.430648 0.592389 0.013774
3 0.42884 0.458072 0.622389 0.013774
3 0.318448 0.485496 0.401605 0.013774
3 0.318448 0.512769 0.401605 0.013774
3 0.27228 0.540193 0.309269 0.013774
3 0.294623 0.567466 0.353956 0.013774
3 0.452074 0.59489 0.668859 0.013774
3 0.298544 0.622163 0.3618 0.013774
3 0.27472 0.649587 0.314153 0.013774
3 0.498544 0.690647 0.761801 0.041047
3 0.320799 0.731708 0.40631 0.013774
3 0.31776 0.758981 0.400233 0.013774
3 0.274721 0.786405 0.314153 0.013774
3 0.340309 0.813677 0.445329 0.013774
3 0.362465 0.841102 0.489643 0.013774
3 0.381386 0.868526 0.527486 0.013774
3 0.311778 0.895799 0.388271 0.013774
3 0.360307 0.923223 0.485329 0.013774
4 0.488987 0.961991 0.01916 0.01511
