5 0.913346 0.048213 0.042905 0.052705
5 0.781474 0.052199 0.166786 0.011712
5 0.742004 0.073213 0.267354 0.010248
7 0.148729 0.141677 0.135295 0.01464
7 0.140372 0.169817 0.102364 0.013176
7 0.121908 0.308031 0.081644 0.01464
7 0.2555 0.338438 0.348837 0.02214
7 0.246401 0.656374 0.330639 0.01464
7 0.143433 0.681427 0.124703 0.011419
7 0.584628 0.627687 0.153037 0.011419
9 0.276008 0.407264 0.389854 0.101264
9 0.275345 0.482124 0.388527 0.026637
9 0.276191 0.715045 0.390221 0.041563
9 0.703368 0.329003 0.390523 0.056488
9 0.704129 0.433713 0.392045 0.131114
9 0.703155 0.553348 0.390097 0.086338
9 0.553967 0.605747 0.091717 0.010248
9 0.688234 0.670708 0.338629 0.039052
9 0.569356 0.702653 0.100874 0.010248
9 0.26379 0.212567 0.324877 0.036601
9 0.241864 0.240114 0.231446 0.023424
9 0.14756 0.266934 0.089714 0.010248
9 0.642172 0.212567 0.227586 0.036601
9 0.620643 0.240114 0.134948 0.023424
5 0.948725 0.293649 0.019069 0.023424
3 0.277185 0.519097 0.392207 0.027766
3 0.278638 0.552795 0.395114 0.027766
3 0.256394 0.579197 0.350625 0.013176
3 0.276705 0.612725 0.391249 0.042692
1 0.48826 0.909431 0.814361 0.03196
4 0.769638 0.972557 0.323507 0.016104
