9 0.538256 0.177705 0.676928 0.015486
10 0.505644 0.124439 0.643151 0.046191
7 0.208924 0.216616 0.160561 0.015486
3 0.368611 0.236143 0.442846 0.015486
3 0.473958 0.255527 0.653539 0.015486
3 0.478997 0.275054 0.663618 0.015486
3 0.504905 0.304273 0.715434 0.034871
3 0.507223 0.343291 0.72007 0.035013
3 0.479258 0.382202 0.664139 0.035013
3 0.347429 0.411492 0.400482 0.015486
3 0.350755 0.430877 0.370448 0.015486
3 0.4441 0.450403 0.557138 0.015486
3 0.503856 0.479622 0.67665 0.034871
3 0.456295 0.508841 0.581528 0.015486
3 0.358415 0.528368 0.385768 0.015486
3 0.344305 0.547752 0.394234 0.015486
3 0.42233 0.567303 0.550284 0.015486
3 0.497617 0.596522 0.700858 0.034871
3 0.464073 0.635504 0.63377 0.035013
3 0.297137 0.664652 0.299898 0.015486
3 0.389675 0.684179 0.448289 0.015486
3 0.375364 0.703705 0.419665 0.015486
3 0.276879 0.72309 0.222696 0.015486
3 0.433514 0.742616 0.49889 0.015486
3 0.52516 0.771853 0.682182 0.034906
3 0.393099 0.80109 0.418059 0.015486
3 0.364764 0.820617 0.398467 0.015486
3 0.473529 0.840001 0.615997 0.015486
3 0.518947 0.869289 0.706831 0.035008
4 0.502662 0.933212 0.015436 0.015486
