5 0.815455 0.115101 0.178615 0.010568
5 0.259418 0.115101 0.328359 0.010568
7 0.140335 0.152522 0.090194 0.010651
7 0.127406 0.195124 0.064336 0.010651
7 0.287048 0.257516 0.38362 0.015336
7 0.124159 0.28991 0.057842 0.010651
7 0.125239 0.370379 0.060001 0.010651
7 0.128494 0.450848 0.066512 0.010651
7 0.127105 0.531317 0.063734 0.010651
7 0.131289 0.63072 0.072102 0.010651
7 0.125239 0.711189 0.060001 0.010651
7 0.121883 0.838993 0.05329 0.010651
7 0.118276 0.919462 0.046076 0.010651
4 0.5 0.970427 0.033474 0.010651
9 0.372733 0.938395 0.471308 0.010651
9 0.456916 0.857926 0.639673 0.010651
9 0.509281 0.770357 0.744404 0.024851
9 0.520567 0.737223 0.766976 0.024852
9 0.406863 0.649653 0.539568 0.010651
9 0.408405 0.569184 0.542652 0.010651
9 0.349187 0.550251 0.424215 0.010651
9 0.500816 0.469782 0.727474 0.010651
9 0.418165 0.389313 0.562172 0.010651
9 0.325228 0.308844 0.376298 0.010651
9 0.328875 0.214057 0.383591 0.010651
9 0.361921 0.171455 0.449683 0.010651
9 0.304026 0.339357 0.19331 0.009976
9 0.312804 0.419826 0.210867 0.009976
9 0.405066 0.500295 0.395389 0.009976
9 0.356738 0.599698 0.298735 0.009976
9 0.356738 0.680167 0.298735 0.009976
9 0.396279 0.807971 0.377816 0.009976
9 0.352345 0.88844 0.289948 0.009976
