9 0.542134 0.103681 0.637209 0.026784
9 0.553992 0.205952 0.660924 0.011633
9 0.556653 0.248906 0.666251 0.041935
9 0.558943 0.314511 0.67083 0.057086
9 0.536701 0.359965 0.626347 0.026784
9 0.54753 0.402893 0.648004 0.027136
9 0.492985 0.431845 0.538914 0.011079
9 0.558871 0.517847 0.670684 0.041935
9 0.558896 0.583452 0.670736 0.057086
9 0.516279 0.633982 0.585502 0.011633
9 0.558893 0.733382 0.670727 0.075561
9 0.558863 0.823376 0.670666 0.072238
4 0.237015 0.958908 0.262265 0.011633
7 0.297472 0.673471 0.38318 0.015136
7 0.361228 0.471425 0.510692 0.015136
3 0.287081 0.178149 0.127102 0.011633
3 0.279764 0.147847 0.11247 0.011633
3 0.293343 0.162998 0.139627 0.011633
3 0.296059 0.132695 0.14506 0.011633
