5 0.794102 0.0818 0.064386 0.013094
5 0.315212 0.061207 0.392085 0.05428
9 0.502248 0.117111 0.766157 0.031106
9 0.502371 0.173524 0.766403 0.046579
9 0.502163 0.235944 0.765987 0.046579
9 0.502187 0.298257 0.766035 0.046579
9 0.502519 0.438143 0.766698 0.158759
9 0.502172 0.548601 0.766005 0.030475
7 0.316245 0.346497 0.394151 0.014514
9 0.502368 0.627 0.766397 0.094641
9 0.502089 0.713451 0.765838 0.046579
9 0.502498 0.775728 0.766658 0.046579
9 0.502219 0.83816 0.766098 0.046603
4 0.311181 0.971881 0.384022 0.011832
