7 0.086655 0.048213 0.042905 0.052705
7 0.244828 0.052199 0.219386 0.011712
7 0.21217 0.073213 0.175691 0.010248
7 0.325038 0.149139 0.43386 0.029565
7 0.385029 0.260642 0.553843 0.01464
3 0.148168 0.279809 0.080119 0.013176
3 0.194048 0.351048 0.171879 0.013176
3 0.148168 0.43247 0.080119 0.013176
7 0.390531 0.413301 0.564845 0.01464
9 0.358752 0.180014 0.501288 0.011712
9 0.515558 0.217561 0.8149 0.041563
9 0.515213 0.313899 0.814213 0.041563
9 0.516203 0.377676 0.816194 0.026637
9 0.516284 0.49641 0.816355 0.101264
9 0.515707 0.593657 0.815202 0.071413
9 0.516127 0.672355 0.816041 0.026637
3 0.194048 0.645728 0.171879 0.013176
7 0.71622 0.768718 0.085811 0.011712
7 0.310811 0.768718 0.22201 0.011712
9 0.515544 0.718721 0.414272 0.011712
9 0.513515 0.741342 0.156672 0.011712
9 0.310811 0.8179 0.084255 0.031381
9 0.71622 0.80806 0.172339 0.051061
4 0.22381 0.972557 0.336623 0.016104
