5 0.888318 0.031878 0.011325 0.007515
7 0.22957 0.058486 0.379552 0.019325
9 0.216739 0.073953 0.35389 0.0102
9 0.238981 0.13322 0.398374 0.023265
9 0.676551 0.113645 0.401685 0.03633
9 0.684443 0.172439 0.41747 0.062461
9 0.684071 0.244298 0.416726 0.062461
9 0.246815 0.192014 0.414043 0.075526
9 0.240953 0.263873 0.402319 0.049395
7 0.163132 0.100557 0.246677 0.0102
7 0.153509 0.113622 0.22743 0.0102
8 0.46712 0.495679 0.859461 0.347102
9 0.451194 0.69962 0.822833 0.023265
9 0.454744 0.732283 0.829933 0.023265
9 0.286269 0.758414 0.492983 0.0102
