5 0.8002 0.075414 0.209126 0.010568
5 0.203048 0.075414 0.21562 0.010568
7 0.10128 0.112835 0.012084 0.010651
7 0.121556 0.200776 0.052636 0.010674
7 0.12323 0.241891 0.055984 0.010674
7 0.150091 0.283018 0.109705 0.010651
7 0.13057 0.379721 0.070663 0.010651
7 0.120569 0.435036 0.050662 0.010651
7 0.103138 0.490351 0.0158 0.010651
7 0.155439 0.531466 0.120401 0.010651
7 0.229283 0.731663 0.26809 0.01278
7 0.196075 0.798499 0.201673 0.010958
7 0.117205 0.839323 0.043934 0.010378
4 0.5 0.93074 0.025105 0.010651
9 0.516653 0.879494 0.759147 0.053275
9 0.490834 0.817091 0.707509 0.010651
9 0.496445 0.764749 0.802414 0.024852
9 0.418247 0.695285 0.492044 0.009976
9 0.525607 0.639344 0.777055 0.067453
9 0.52092 0.571204 0.767682 0.053251
9 0.293141 0.508789 0.312124 0.010651
9 0.508108 0.460575 0.742058 0.024851
9 0.487907 0.40526 0.701656 0.024851
9 0.208663 0.357045 0.143166 0.010651
9 0.207372 0.328996 0.070294 0.009976
9 0.239065 0.301456 0.203971 0.010651
9 0.35147 0.260329 0.428782 0.010674
9 0.373285 0.219226 0.472412 0.010651
9 0.492828 0.171012 0.711497 0.024851
9 0.520665 0.138373 0.767171 0.024851
