6 0.499491 0.131322 1.0 0.261811
9 0.761707 0.338426 0.234206 0.068367
9 0.753557 0.42107 0.217907 0.038676
9 0.761403 0.539147 0.233599 0.172287
9 0.754673 0.69767 0.220139 0.119572
9 0.755786 0.79608 0.222364 0.053522
6 0.234725 0.387097 0.2468 0.173153
6 0.497135 0.388346 0.246211 0.172321
7 0.68503 0.389376 0.080852 0.010042
6 0.365488 0.586681 0.511861 0.172737
4 0.1277 0.971433 0.010485 0.006871
0 0.159315 0.274277 0.077527 0.007399
0 0.17566 0.483004 0.110215 0.007399
0 0.456686 0.483004 0.148215 0.007399
0 0.205415 0.681631 0.169726 0.007399
