7 0.086655 0.048213 0.042905 0.052705
7 0.379219 0.052199 0.488169 0.011712
9 0.412963 0.073213 0.577277 0.010248
9 0.731137 0.177636 0.392007 0.086555
9 0.31411 0.304801 0.368759 0.340783
9 0.730186 0.290112 0.390105 0.116493
9 0.729493 0.38762 0.388718 0.056618
9 0.730203 0.485128 0.390138 0.116493
9 0.729143 0.605088 0.388018 0.101524
9 0.302453 0.604882 0.388689 0.041628
9 0.730537 0.747502 0.390806 0.161398
9 0.729983 0.882431 0.389699 0.086555
9 0.303391 0.874991 0.390565 0.101459
9 0.2724 0.78481 0.328583 0.011712
9 0.26986 0.807463 0.323503 0.011712
4 0.22381 0.972557 0.336623 0.016104
9 0.30312 0.702325 0.390024 0.131374
3 0.303395 0.510606 0.390564 0.056651
7 0.223257 0.566478 0.230297 0.01464
