7 0.216215 0.122045 0.315645 0.014634
7 0.20025 0.208333 0.283446 0.014634
7 0.190761 0.292073 0.264232 0.011341
7 0.194927 0.449283 0.272565 0.011341
7 0.248986 0.553487 0.380918 0.014634
9 0.472785 0.156677 0.828131 0.036344
9 0.260383 0.249468 0.405775 0.04935
9 0.262888 0.312116 0.408365 0.023345
9 0.260398 0.351119 0.405806 0.049343
9 0.261124 0.406678 0.405062 0.04935
9 0.262034 0.482328 0.406656 0.04935
9 0.469388 0.581618 0.821591 0.023342
9 0.260173 0.70041 0.405355 0.114355
9 0.683619 0.700414 0.40911 0.114362
9 0.683491 0.788475 0.408855 0.04935
4 0.226947 0.96417 0.339671 0.024851
7 0.277921 0.626773 0.439051 0.014634
9 0.683522 0.446275 0.406496 0.088353
9 0.674616 0.508333 0.391104 0.023345
9 0.68072 0.364125 0.403311 0.023345
7 0.685472 0.393728 0.410516 0.011341
3 0.68409 0.249468 0.408877 0.04935
3 0.682208 0.292021 0.405127 0.023345
3 0.682252 0.328073 0.405219 0.036348
5 0.211899 0.078931 0.306785 0.012883
