7 0.178633 0.201793 0.166789 0.022089
7 0.160008 0.263115 0.129541 0.026498
7 0.212062 0.375188 0.233647 0.015336
7 0.235057 0.442328 0.279637 0.01278
7 0.268696 0.518748 0.346916 0.01278
7 0.464045 0.623568 0.737613 0.01278
7 0.166308 0.751285 0.14214 0.015336
7 0.309232 0.852229 0.427987 0.015336
4 0.5 0.930613 0.025105 0.010651
9 0.458092 0.883185 0.725707 0.010651
9 0.159491 0.90068 0.128505 0.010651
9 0.484335 0.796441 0.778193 0.039051
9 0.497214 0.695497 0.803951 0.039051
9 0.488762 0.656701 0.787047 0.024851
9 0.497007 0.566082 0.803538 0.053252
9 0.432719 0.475463 0.674961 0.024851
9 0.472092 0.406143 0.753707 0.010651
9 0.331262 0.3336 0.472047 0.010651
