5 0.794693 0.115101 0.220139 0.010568
5 0.333369 0.115101 0.476262 0.010568
3 0.512996 0.159622 0.785206 0.024851
3 0.297533 0.190389 0.354279 0.010651
3 0.45789 0.214057 0.674994 0.010651
3 0.347896 0.237724 0.455006 0.010651
3 0.287652 0.261391 0.334518 0.010651
3 0.518628 0.29926 0.79647 0.039051
3 0.512577 0.344227 0.784369 0.024851
3 0.510205 0.382095 0.779623 0.024851
3 0.508703 0.419962 0.77662 0.024851
3 0.503669 0.464931 0.766553 0.039051
3 0.509858 0.502798 0.778929 0.010651
3 0.507279 0.533566 0.773773 0.024852
3 0.536009 0.571433 0.831232 0.024851
3 0.455639 0.602201 0.670492 0.010651
3 0.481735 0.79154 0.722685 0.010651
3 0.499053 0.824674 0.68378 0.024852
3 0.504441 0.857808 0.694558 0.024851
3 0.52217 0.890942 0.730016 0.024851
3 0.424266 0.924076 0.607746 0.010651
4 0.5 0.970427 0.033474 0.010651
9 0.264485 0.73685 0.114228 0.009976
9 0.353245 0.767872 0.432332 0.010651
9 0.520921 0.699237 0.767683 0.024852
9 0.427033 0.646915 0.439324 0.038378
