7 0.680017 0.260399 0.400438 0.032545
7 0.244103 0.195612 0.36702 0.014651
7 0.231494 0.063829 0.341801 0.014651
7 0.192768 0.374604 0.264323 0.02045
3 0.192374 0.569624 0.233232 0.014819
3 0.178114 0.54766 0.204714 0.014819
3 0.623258 0.339585 0.256616 0.014819
3 0.630278 0.361549 0.270657 0.014819
3 0.638687 0.383512 0.287475 0.014819
3 0.645463 0.405476 0.301027 0.014819
3 0.689963 0.42744 0.390028 0.014819
3 0.562247 0.449404 0.134596 0.014819
3 0.627916 0.063745 0.26596 0.014819
3 0.575337 0.085709 0.160774 0.014819
3 0.590278 0.107673 0.190657 0.014819
9 0.266909 0.122854 0.412631 0.095568
9 0.265842 0.278861 0.410463 0.144018
9 0.266805 0.461096 0.412397 0.144018
9 0.679448 0.489779 0.3993 0.030969
9 0.682742 0.301471 0.405887 0.047119
9 0.687183 0.180347 0.414771 0.095568
9 0.684832 0.554378 0.410067 0.063269
6 0.469778 0.746878 0.822439 0.306532
0 0.169071 0.917343 0.21656 0.013969
4 0.07979 0.948495 0.038367 0.015904
