6 0.673318 0.033507 0.38029 0.029553
9 0.681087 0.056225 0.1175 0.011023
10 0.277258 0.106993 0.30066 0.036117
10 0.695609 0.09988 0.335075 0.015682
10 0.694593 0.118347 0.333043 0.013409
10 0.270985 0.169893 0.28818 0.035225
3 0.301984 0.212739 0.350178 0.02213
3 0.301261 0.249288 0.348715 0.022499
3 0.301986 0.28577 0.350174 0.022155
3 0.305087 0.328583 0.356368 0.03471
3 0.215409 0.365046 0.177032 0.009773
3 0.224866 0.388985 0.195941 0.009773
3 0.170867 0.503834 0.087975 0.009773
3 0.305172 0.631106 0.356558 0.060076
3 0.304642 0.707892 0.355501 0.085161
7 0.262611 0.412928 0.27143 0.009773
7 0.280261 0.455942 0.306738 0.009773
7 0.618263 0.625955 0.219578 0.009773
7 0.685862 0.45268 0.161789 0.009545
7 0.686144 0.330559 0.221831 0.009545
7 0.625094 0.157167 0.23326 0.009773
7 0.685972 0.179044 0.184525 0.009545
8 0.690017 0.254318 0.349048 0.117378
8 0.621877 0.389594 0.23216 0.084079
8 0.264479 0.554006 0.199302 0.086577
9 0.310459 0.479953 0.34314 0.009545
9 0.287634 0.432062 0.244321 0.009545
9 0.685787 0.491582 0.355365 0.042765
9 0.570643 0.532104 0.123803 0.009432
9 0.628291 0.565378 0.241452 0.009659
9 0.669468 0.585667 0.322592 0.022359
9 0.686268 0.679644 0.356883 0.072588
7 0.685786 0.745639 0.151408 0.009773
