7 0.271496 0.117877 0.19005 0.018636
7 0.506986 0.342852 0.185541 0.018636
7 0.484591 0.463635 0.140751 0.018636
7 0.736052 0.477094 0.168182 0.031261
7 0.768806 0.387878 0.23369 0.018636
7 0.715775 0.342852 0.127628 0.018636
7 0.520496 0.540225 0.212561 0.031261
7 0.293615 0.636149 0.188538 0.020707
7 0.739088 0.636149 0.181608 0.020707
9 0.284337 0.165104 0.215733 0.075273
9 0.285414 0.284417 0.217886 0.15103
9 0.283973 0.454235 0.215005 0.176283
9 0.281206 0.574184 0.209471 0.062646
9 0.275816 0.682773 0.15294 0.051449
9 0.26877 0.732803 0.138847 0.039136
9 0.273052 0.776205 0.147412 0.038827
9 0.257475 0.819768 0.116257 0.038823
9 0.25075 0.863328 0.102807 0.038823
9 0.482291 0.869641 0.115997 0.051449
9 0.489263 0.819768 0.129943 0.038823
9 0.515191 0.769892 0.181797 0.051453
9 0.515191 0.676459 0.181797 0.038823
9 0.495624 0.720177 0.142665 0.039136
9 0.751648 0.670304 0.204822 0.026511
9 0.75278 0.701235 0.207085 0.026511
9 0.725601 0.73848 0.152727 0.039136
9 0.749067 0.782036 0.199659 0.039136
9 0.744864 0.819281 0.191253 0.026511
9 0.72557 0.856525 0.152666 0.039136
9 0.743304 0.893769 0.188134 0.026511
9 0.524499 0.377452 0.220568 0.05002
9 0.524574 0.421644 0.220716 0.037394
9 0.742303 0.358513 0.180685 0.012141
9 0.751919 0.422477 0.199917 0.05002
9 0.528694 0.491922 0.228957 0.037394
9 0.762991 0.530634 0.22206 0.075273
9 0.74911 0.586189 0.194299 0.012141
9 0.522774 0.5622 0.217118 0.012141
8 0.643154 0.220812 0.444929 0.135276
7 0.640747 0.13827 0.11218 0.020707
4 0.680723 0.954737 0.408222 0.012343
5 0.391503 0.072326 0.430065 0.030455
