7 0.178633 0.243047 0.166789 0.022089
7 0.21668 0.305807 0.242883 0.026498
7 0.212062 0.419637 0.233647 0.015336
7 0.297616 0.49549 0.404755 0.015336
7 0.243861 0.632879 0.297246 0.015336
7 0.414228 0.66709 0.63798 0.01278
7 0.309836 0.775219 0.429196 0.01278
7 0.242126 0.854948 0.293776 0.01278
4 0.5 0.970427 0.033474 0.010651
9 0.498118 0.922656 0.805759 0.024851
9 0.483398 0.889521 0.776319 0.024851
9 0.495317 0.809792 0.800158 0.024851
9 0.5 0.715863 0.809524 0.053252
9 0.359872 0.589421 0.529267 0.010651
9 0.497657 0.549186 0.804838 0.053251
9 0.350312 0.452031 0.510147 0.010651
9 0.180554 0.376178 0.170631 0.010651
