5 0.808317 0.075286 0.192891 0.010568
5 0.171056 0.075286 0.151635 0.010568
9 0.403453 0.154902 0.532748 0.010651
9 0.520921 0.196117 0.767683 0.010651
9 0.519651 0.376672 0.765148 0.053251
9 0.46872 0.578527 0.663281 0.024851
9 0.246563 0.744882 0.218967 0.010651
4 0.5 0.930613 0.025105 0.010651
9 0.299632 0.836524 0.254815 0.13778
9 0.312805 0.655765 0.281161 0.094772
9 0.457787 0.475209 0.571126 0.108971
9 0.304018 0.266253 0.263587 0.094772
9 0.299625 0.119554 0.254801 0.024176
3 0.154302 0.177645 0.067817 0.010651
3 0.154302 0.3369 0.067817 0.010651
3 0.177775 0.552955 0.114764 0.010651
3 0.167323 0.72641 0.09386 0.010651
