7 0.280508 0.14015 0.401865 0.020727
7 0.138085 0.217019 0.11702 0.009384
7 0.109732 0.280883 0.060314 0.009384
7 0.119782 0.361792 0.080413 0.009384
7 0.523522 0.309368 0.027435 0.009384
7 0.140737 0.553155 0.122324 0.009384
7 0.569988 0.475504 0.120369 0.009384
7 0.163016 0.668155 0.166882 0.009384
7 0.567027 0.735049 0.114447 0.009384
9 0.715114 0.800239 0.41062 0.094763
9 0.715134 0.668193 0.41066 0.094763
9 0.715114 0.549216 0.410619 0.111808
9 0.71512 0.391602 0.410633 0.128854
9 0.715295 0.251034 0.410983 0.077717
9 0.284737 0.248117 0.410323 0.026581
9 0.28486 0.320504 0.41057 0.043626
9 0.284861 0.409936 0.410571 0.060672
9 0.285004 0.494822 0.410858 0.077717
9 0.284916 0.609822 0.410681 0.077717
9 0.285225 0.758913 0.411299 0.145899
9 0.284769 0.886413 0.410387 0.077717
4 0.500209 0.966638 0.180826 0.024026
