5 0.773404 0.115101 0.262717 0.010568
5 0.241936 0.115101 0.293396 0.010568
3 0.144426 0.152522 0.048066 0.010651
3 0.169189 0.194702 0.097592 0.010651
3 0.15949 0.773446 0.078194 0.010651
4 0.5 0.970427 0.033474 0.010651
9 0.528074 0.938144 0.746845 0.009976
9 0.272028 0.908473 0.269897 0.010651
9 0.511288 0.889679 0.748418 0.010651
9 0.563221 0.859499 0.81714 0.009976
9 0.359084 0.829827 0.44401 0.010651
9 0.385286 0.811033 0.496413 0.010651
9 0.506661 0.79224 0.739163 0.010651
9 0.503599 0.7296 0.816721 0.039051
9 0.411074 0.650838 0.631671 0.010651
9 0.479113 0.541845 0.767749 0.024852
9 0.499139 0.470183 0.807802 0.010651
9 0.495781 0.385279 0.801086 0.024851
9 0.242304 0.410892 0.294132 0.010651
9 0.530294 0.281991 0.786429 0.053253
9 0.518194 0.227697 0.76223 0.039051
9 0.516221 0.171315 0.758283 0.010651
7 0.319498 0.346204 0.44852 0.015336
7 0.283056 0.507693 0.375635 0.01278
7 0.299805 0.688347 0.409133 0.01278
9 0.270966 0.440282 0.316308 0.009976
9 0.429128 0.599637 0.632633 0.052578
