5 0.808359 0.075414 0.192808 0.010568
5 0.171056 0.075414 0.151635 0.010568
9 0.506594 0.127035 0.739029 0.039051
9 0.518644 0.160131 0.76313 0.010651
9 0.317198 0.190411 0.289948 0.009976
9 0.382156 0.221201 0.490153 0.010651
9 0.368596 0.263686 0.463034 0.010651
9 0.295995 0.306171 0.317831 0.010651
9 0.242519 0.336452 0.140589 0.009976
9 0.345377 0.367241 0.416595 0.010651
9 0.512068 0.431027 0.749978 0.053252
9 0.503408 0.494812 0.732658 0.010651
9 0.513473 0.544398 0.752787 0.024851
9 0.526117 0.601083 0.778076 0.024851
9 0.515063 0.634179 0.755967 0.024851
9 0.524067 0.683765 0.773976 0.010651
9 0.48612 0.73335 0.698082 0.024852
9 0.497313 0.790034 0.720468 0.024851
9 0.264486 0.834516 0.184523 0.024176
9 0.510607 0.886606 0.747056 0.039052
4 0.5 0.93074 0.025105 0.010651
7 0.200755 0.76404 0.211034 0.010651
7 0.25101 0.707354 0.311544 0.010651
7 0.232224 0.664869 0.273972 0.010651
7 0.285204 0.575088 0.379931 0.010651
7 0.250083 0.518402 0.30969 0.010651
7 0.207977 0.475918 0.225478 0.010651
7 0.210454 0.390832 0.230432 0.010651
7 0.220279 0.287276 0.250081 0.010651
7 0.192228 0.24479 0.193979 0.010651
