5 0.795932 0.115101 0.217662 0.010568
5 0.274631 0.115101 0.358786 0.010568
9 0.497012 0.159622 0.719865 0.024851
9 0.513012 0.199853 0.751866 0.039051
9 0.519757 0.240084 0.765356 0.024851
9 0.52092 0.303976 0.767682 0.039052
9 0.509548 0.490886 0.744937 0.024851
9 0.513888 0.547674 0.679982 0.024851
9 0.526985 0.585538 0.706175 0.039051
9 0.518566 0.623402 0.689338 0.024851
9 0.546073 0.713318 0.744351 0.024851
9 0.450674 0.668106 0.535978 0.038376
9 0.532031 0.77721 0.716267 0.053251
9 0.53291 0.829274 0.718024 0.039051
9 0.544016 0.90973 0.740236 0.072179
4 0.5 0.970427 0.025105 0.010651
3 0.298328 0.862402 0.282331 0.010651
3 0.327212 0.739346 0.340099 0.010651
3 0.258888 0.52401 0.203451 0.010651
3 0.35319 0.457762 0.392056 0.010651
3 0.361919 0.438835 0.409514 0.010651
3 0.221581 0.419908 0.128838 0.010651
3 0.350354 0.400981 0.386384 0.010651
3 0.324429 0.382054 0.334533 0.010651
3 0.269741 0.363127 0.225158 0.010651
3 0.337303 0.3442 0.360282 0.010651
3 0.255877 0.270845 0.270968 0.010651
