5 0.818242 0.115101 0.173041 0.010568
5 0.171056 0.115101 0.151635 0.010568
9 0.284151 0.201969 0.307536 0.109379
9 0.275357 0.410242 0.289947 0.080978
9 0.270964 0.564079 0.263586 0.12358
4 0.5 0.970427 0.033474 0.010651
9 0.191891 0.84498 0.123015 0.009976
9 0.160118 0.814467 0.12976 0.010651
9 0.187497 0.783445 0.114228 0.009976
9 0.158252 0.752932 0.126028 0.010651
9 0.462066 0.726898 0.733657 0.024851
9 0.489724 0.693764 0.788972 0.024851
9 0.266054 0.476764 0.341631 0.010651
9 0.486134 0.337128 0.781791 0.024851
9 0.487216 0.296892 0.783956 0.039051
7 0.233239 0.659191 0.276002 0.01278
