5 0.794693 0.115101 0.220139 0.010568
5 0.166637 0.115101 0.142798 0.010568
7 0.222781 0.152522 0.255085 0.010651
7 0.251995 0.209324 0.313513 0.010651
7 0.182913 0.285917 0.17535 0.015336
7 0.123615 0.318312 0.056754 0.010651
7 0.119104 0.360913 0.047732 0.010651
7 0.141875 0.403514 0.093273 0.010651
7 0.136176 0.446115 0.081875 0.010651
7 0.128276 0.488717 0.066076 0.010651
7 0.160821 0.531317 0.131165 0.010651
7 0.131071 0.573919 0.071666 0.010651
7 0.133398 0.61652 0.076319 0.010651
7 0.123146 0.659121 0.055816 0.010651
7 0.134653 0.701722 0.078829 0.010651
7 0.142686 0.744324 0.094897 0.010651
7 0.142686 0.786924 0.094897 0.010651
4 0.5 0.970427 0.033474 0.010651
9 0.247455 0.805858 0.220752 0.010651
9 0.363996 0.763257 0.453834 0.010651
9 0.199139 0.720655 0.12412 0.010651
9 0.36377 0.678055 0.453381 0.010651
9 0.186729 0.635453 0.099299 0.010651
9 0.168687 0.592853 0.063215 0.010651
9 0.266463 0.550251 0.258767 0.010651
9 0.365009 0.50765 0.45586 0.010651
9 0.239575 0.465048 0.204992 0.010651
9 0.385369 0.422448 0.496579 0.010651
9 0.383302 0.379846 0.492445 0.010651
9 0.352105 0.337245 0.430052 0.010651
9 0.519854 0.235358 0.76555 0.024851
9 0.51723 0.178556 0.760302 0.024851
