5 0.913346 0.048213 0.042905 0.052705
5 0.652678 0.052199 0.432502 0.011712
5 0.853506 0.073213 0.044343 0.010248
5 0.948725 0.370934 0.019069 0.023424
4 0.769638 0.972557 0.323507 0.016104
7 0.562522 0.541596 0.092609 0.013176
7 0.249967 0.412751 0.337771 0.029565
7 0.647723 0.26235 0.279229 0.01464
7 0.185055 0.26235 0.207948 0.01464
7 0.436919 0.226714 0.711676 0.063246
7 0.190833 0.149445 0.219503 0.030745
3 0.275539 0.315277 0.388916 0.027766
3 0.277446 0.356437 0.39273 0.042692
3 0.703974 0.337665 0.391729 0.042692
3 0.701983 0.386288 0.387747 0.042692
3 0.702763 0.434908 0.389308 0.042692
3 0.70268 0.490993 0.389142 0.057617
9 0.702907 0.293225 0.389595 0.026637
9 0.159775 0.285762 0.157389 0.011712
9 0.276478 0.466013 0.390793 0.056488
9 0.27506 0.518484 0.387957 0.026637
9 0.275849 0.563493 0.389536 0.041563
9 0.702443 0.613483 0.327933 0.086542
