9 0.684835 0.087143 0.410074 0.063269
9 0.266844 0.070989 0.412559 0.030969
9 0.266693 0.175963 0.412256 0.144018
9 0.685951 0.216342 0.412306 0.160168
9 0.674394 0.353616 0.389192 0.079419
9 0.684916 0.44244 0.410235 0.063269
9 0.266786 0.348771 0.41236 0.127868
9 0.26596 0.47797 0.410707 0.095568
9 0.26583 0.615244 0.410448 0.144018
9 0.266439 0.760592 0.411667 0.111718
9 0.262206 0.873642 0.4032 0.079419
9 0.686574 0.841988 0.413552 0.144018
9 0.686207 0.549998 0.412818 0.079419
7 0.558838 0.499049 0.158081 0.014651
7 0.178958 0.273258 0.236704 0.017196
4 0.07979 0.948499 0.038367 0.015904
3 0.691338 0.620412 0.392778 0.047119
3 0.691566 0.6666 0.393232 0.030969
3 0.691994 0.720864 0.394089 0.063269
