7 0.835728 0.140972 0.047142 0.04667
7 0.487723 0.336998 0.528387 0.030343
4 0.880538 0.958908 0.027351 0.011633
4 0.279445 0.959218 0.347125 0.010511
9 0.558886 0.836251 0.670714 0.072238
9 0.560482 0.754211 0.607239 0.041935
9 0.530282 0.457443 0.613505 0.027136
9 0.485342 0.492846 0.523624 0.011633
9 0.558849 0.414514 0.670639 0.026784
3 0.547155 0.521861 0.647252 0.026784
3 0.558787 0.558451 0.670516 0.026784
3 0.558458 0.595117 0.669857 0.026784
3 0.477819 0.624132 0.508579 0.011633
3 0.465947 0.645571 0.484836 0.011633
3 0.53394 0.674661 0.620822 0.026784
3 0.54805 0.703676 0.649042 0.011633
6 0.22167 0.194279 0.333671 0.208253
