9 0.214049 0.075503 0.219078 0.011321
5 0.910344 0.042461 0.016375 0.012579
3 0.718066 0.082093 0.400058 0.024503
3 0.718165 0.108457 0.400253 0.024503
3 0.718165 0.134972 0.400255 0.024503
3 0.656205 0.154745 0.276334 0.011321
3 0.64591 0.167926 0.255744 0.011321
3 0.718289 0.187775 0.400501 0.024654
3 0.718288 0.214214 0.400501 0.024503
3 0.718288 0.240578 0.400501 0.024503
3 0.718263 0.267017 0.400451 0.024655
3 0.709733 0.286865 0.383391 0.011321
3 0.265421 0.088685 0.354372 0.011321
3 0.288558 0.134897 0.400646 0.077382
3 0.229343 0.18111 0.282215 0.011321
3 0.288488 0.201034 0.400507 0.024503
3 0.226499 0.220807 0.276529 0.011321
3 0.230715 0.233989 0.284961 0.011321
3 0.288459 0.260428 0.400451 0.037836
3 0.288263 0.286867 0.400058 0.011321
3 0.288557 0.30664 0.400646 0.024503
3 0.288461 0.333003 0.400455 0.024503
3 0.288482 0.359518 0.400496 0.024503
3 0.28851 0.385882 0.400552 0.024503
3 0.288459 0.438761 0.400451 0.024503
3 0.288459 0.412245 0.40045 0.024503
3 0.288557 0.465124 0.400646 0.024503
3 0.675714 0.300047 0.315352 0.011321
3 0.683557 0.313229 0.331038 0.011321
3 0.718178 0.334365 0.400279 0.024503
3 0.680224 0.354138 0.324372 0.011321
3 0.682184 0.367319 0.328293 0.011321
3 0.718263 0.387092 0.400451 0.024503
3 0.718164 0.413607 0.400255 0.024503
3 0.698458 0.43338 0.360844 0.011321
3 0.697478 0.446562 0.358883 0.011321
3 0.706791 0.459743 0.377509 0.011321
3 0.658556 0.472925 0.281038 0.011321
3 0.656106 0.486259 0.276137 0.011321
3 0.654733 0.499441 0.273391 0.011321
3 0.718263 0.519213 0.40045 0.024503
3 0.288387 0.498155 0.400305 0.037836
3 0.230812 0.524594 0.285156 0.011321
3 0.288459 0.544367 0.400452 0.024503
3 0.718166 0.552243 0.400256 0.037836
3 0.656597 0.578683 0.277118 0.011321
3 0.718263 0.598455 0.40045 0.024503
3 0.718067 0.624895 0.400057 0.024654
3 0.288458 0.570806 0.40045 0.024655
3 0.288262 0.597245 0.400058 0.024503
3 0.288458 0.623608 0.40045 0.024503
3 0.288478 0.650048 0.400489 0.024654
