5 0.790509 0.115101 0.228507 0.010568
5 0.198554 0.115101 0.206632 0.010568
7 0.179477 0.151971 0.168477 0.01278
7 0.159956 0.383171 0.129436 0.01278
7 0.162738 0.448699 0.134999 0.01278
4 0.5 0.970427 0.033474 0.010651
9 0.363227 0.894829 0.500831 0.095178
9 0.363227 0.762292 0.500831 0.066777
9 0.372014 0.615555 0.518405 0.123579
8 0.352616 0.285647 0.398278 0.068161
3 0.289022 0.179443 0.337259 0.010651
3 0.488208 0.20311 0.73563 0.010651
3 0.239977 0.226779 0.239168 0.010651
9 0.373026 0.345115 0.471893 0.010651
9 0.255077 0.410644 0.319678 0.010651
9 0.490561 0.483272 0.790645 0.024851
9 0.338234 0.509306 0.485991 0.010651
9 0.24007 0.528241 0.289663 0.010651
9 0.426685 0.703379 0.662894 0.010651
9 0.255384 0.821715 0.320292 0.010651
