5 0.791455 0.075414 0.226616 0.010568
5 0.176219 0.075414 0.161962 0.010568
9 0.504687 0.162536 0.818897 0.110053
9 0.498268 0.230032 0.80606 0.010651
9 0.341259 0.264605 0.439323 0.024176
9 0.499999 0.306787 0.809522 0.024851
9 0.282682 0.387119 0.374887 0.010651
9 0.493622 0.492275 0.796768 0.024851
9 0.500385 0.654233 0.810294 0.039052
9 0.24325 0.686227 0.296023 0.010651
9 0.336909 0.798484 0.483341 0.010651
9 0.499274 0.823378 0.808072 0.024852
4 0.5 0.93074 0.025105 0.010651
7 0.195096 0.355864 0.199715 0.015336
8 0.384722 0.436015 0.511261 0.054147
9 0.288537 0.56945 0.316308 0.095178
9 0.341257 0.742101 0.421747 0.066777
9 0.429126 0.879252 0.597486 0.052578
