7 0.209385 0.053105 0.268444 0.010727
7 0.099027 0.083408 0.047726 0.010727
7 0.174608 0.40159 0.19889 0.010727
7 0.109892 0.5116 0.069457 0.010727
7 0.633835 0.371287 0.211787 0.010727
7 0.109244 0.636762 0.068162 0.010727
7 0.149332 0.731621 0.148337 0.010727
9 0.286604 0.135813 0.422881 0.056982
9 0.286712 0.35551 0.423098 0.041831
9 0.286724 0.45037 0.423121 0.072134
9 0.286692 0.567956 0.423057 0.087285
9 0.287007 0.677966 0.423688 0.056982
9 0.286988 0.848583 0.423652 0.208497
9 0.739701 0.097935 0.423526 0.102437
9 0.739613 0.24945 0.423353 0.163043
9 0.73962 0.514601 0.423365 0.238801
9 0.739906 0.74945 0.423938 0.193346
8 0.287423 0.251384 0.42496 0.134247
4 0.828991 0.975504 0.244629 0.007152
