5 0.794693 0.115101 0.220139 0.010568
5 0.198554 0.115101 0.206632 0.010568
7 0.361992 0.151971 0.533508 0.01278
7 0.251465 0.302702 0.312453 0.01278
7 0.346558 0.413198 0.50264 0.01278
7 0.366491 0.478727 0.542506 0.01278
7 0.300741 0.544256 0.411006 0.01278
7 0.23107 0.609785 0.271664 0.01278
7 0.184839 0.675313 0.179202 0.01278
7 0.224754 0.816578 0.259032 0.01278
4 0.5 0.970427 0.033474 0.010651
9 0.240873 0.924519 0.29127 0.010651
9 0.493918 0.898486 0.79736 0.024851
9 0.489841 0.858251 0.789206 0.039051
9 0.497931 0.771422 0.805386 0.024851
9 0.497415 0.724087 0.804353 0.053252
9 0.172637 0.637257 0.154798 0.010651
9 0.1975 0.571729 0.204523 0.010651
9 0.307377 0.5062 0.424277 0.010651
9 0.193324 0.440671 0.196172 0.010651
9 0.488896 0.368042 0.787315 0.024851
9 0.205072 0.32992 0.166949 0.009976
9 0.525457 0.222045 0.860438 0.095853
