5 0.948725 0.293649 0.019069 0.023424
9 0.275388 0.170115 0.388613 0.071413
7 0.647052 0.139912 0.277885 0.01098
7 0.253459 0.23002 0.344756 0.023192
8 0.699694 0.200448 0.387561 0.08777
9 0.696151 0.259359 0.169097 0.010248
9 0.697927 0.283336 0.363316 0.021104
8 0.273377 0.33329 0.386728 0.084212
9 0.195951 0.39019 0.229739 0.010248
9 0.26857 0.40874 0.106337 0.010248
9 0.275174 0.451994 0.388186 0.041563
7 0.622333 0.323991 0.228448 0.01464
7 0.609521 0.352579 0.202823 0.01098
7 0.60762 0.475085 0.199021 0.01098
7 0.251418 0.496973 0.340673 0.023192
9 0.201438 0.521652 0.240713 0.011712
8 0.699694 0.412461 0.385894 0.088363
8 0.700944 0.534331 0.388395 0.088956
9 0.700468 0.599958 0.384718 0.021104
9 0.70875 0.637954 0.363452 0.053672
9 0.274581 0.729335 0.386999 0.026637
9 0.275732 0.687946 0.389302 0.026637
9 0.252741 0.650571 0.34332 0.021104
8 0.273168 0.585155 0.385311 0.08866
5 0.781474 0.052199 0.166786 0.011712
9 0.742004 0.073213 0.267354 0.010248
5 0.913346 0.048213 0.042905 0.052705
4 0.769638 0.972557 0.323507 0.016104
