5 0.489903 0.05984 0.122442 0.014121
9 0.489918 0.106681 0.751959 0.059584
9 0.489918 0.148723 0.751957 0.031556
9 0.489926 0.193182 0.751975 0.054752
9 0.489924 0.242232 0.75197 0.040737
9 0.489927 0.367885 0.751978 0.041451
9 0.489952 0.410284 0.752029 0.040738
9 0.489939 0.459334 0.752002 0.054752
9 0.284859 0.49437 0.341713 0.012709
9 0.489914 0.581864 0.75195 0.033683
9 0.488004 0.606008 0.747997 0.013423
9 0.489925 0.76741 0.751972 0.138836
9 0.489919 0.865153 0.751962 0.055465
2 0.491445 0.309714 0.258562 0.021806
2 0.489711 0.540558 0.192926 0.015677
2 0.490289 0.654145 0.372748 0.015677
4 0.48991 0.960344 0.01609 0.012709
