7 0.27761 0.058486 0.475633 0.019325
5 0.891144 0.031878 0.005659 0.007515
9 0.77496 0.243098 0.092871 0.017317
9 0.774297 0.272495 0.094204 0.017317
9 0.314047 0.163949 0.548507 0.172347
9 0.317201 0.389319 0.554814 0.231139
9 0.101482 0.710028 0.123374 0.056524
9 0.390629 0.710045 0.120445 0.056524
9 0.674186 0.695309 0.106334 0.027119
9 0.676677 0.739408 0.111318 0.03692
9 0.076924 0.964788 0.074259 0.017317
9 0.391826 0.959912 0.122838 0.027119
9 0.526463 0.964755 0.101501 0.017317
9 0.660283 0.964771 0.078529 0.017317
9 0.812451 0.964755 0.092254 0.017317
6 0.721094 0.395117 0.205675 0.215835
6 0.139284 0.782535 0.205686 0.073819
