6 0.829752 0.04771 0.199401 0.063833
7 0.421199 0.11762 0.467224 0.019862
9 0.295127 0.223902 0.319295 0.078896
9 0.301763 0.913556 0.295066 0.113379
9 0.669334 0.577814 0.300703 0.092568
9 0.670881 0.767881 0.303798 0.241316
9 0.664287 0.941421 0.29061 0.059513
4 0.886231 0.983921 0.020917 0.009931
3 0.292212 0.318729 0.313466 0.061655
3 0.293418 0.413556 0.315878 0.078896
3 0.288307 0.525626 0.305655 0.096137
3 0.294909 0.654936 0.318859 0.113379
3 0.240174 0.741143 0.20939 0.009931
3 0.281062 0.801488 0.291166 0.061655
3 0.667039 0.214209 0.296097 0.059513
3 0.669192 0.280319 0.300404 0.059513
3 0.668956 0.346429 0.299932 0.059513
3 0.667075 0.420802 0.296169 0.076041
3 0.659302 0.486912 0.280624 0.042986
