5 0.808359 0.075414 0.192808 0.010568
5 0.171056 0.075414 0.151635 0.010568
9 0.439881 0.112835 0.605604 0.010651
9 0.520922 0.169067 0.767685 0.039075
9 0.516092 0.232422 0.758025 0.024851
9 0.516092 0.288666 0.758025 0.024851
9 0.516092 0.34491 0.758025 0.024852
9 0.516251 0.401155 0.758343 0.024851
9 0.372147 0.450298 0.470136 0.010651
9 0.510393 0.506542 0.746628 0.039051
9 0.523598 0.576986 0.773038 0.039051
9 0.520921 0.65453 0.767683 0.053252
9 0.530293 0.724975 0.786428 0.024851
9 0.497919 0.781219 0.72168 0.024851
9 0.511213 0.837462 0.748268 0.024851
9 0.509029 0.893695 0.743899 0.024876
4 0.5 0.93074 0.025105 0.010651
7 0.316342 0.867859 0.442207 0.010651
7 0.283646 0.811615 0.376816 0.010651
7 0.250748 0.75537 0.31102 0.010651
7 0.227333 0.699127 0.26419 0.010651
7 0.216195 0.614482 0.241913 0.010651
7 0.244564 0.544037 0.298651 0.010651
7 0.187943 0.473593 0.18541 0.010651
7 0.185659 0.43155 0.180841 0.010651
7 0.222421 0.375306 0.254366 0.010651
7 0.226237 0.319063 0.261997 0.010651
7 0.216948 0.262819 0.24342 0.010651
7 0.199935 0.13613 0.209394 0.010651
7 0.22094 0.206574 0.251403 0.010651
