3 0.347332 0.096105 0.247605 0.011633
3 0.361577 0.117544 0.226292 0.011633
3 0.419574 0.132695 0.342285 0.011633
3 0.417325 0.147847 0.337789 0.011633
3 0.424083 0.162998 0.351303 0.011633
3 0.393644 0.184513 0.340228 0.011633
3 0.319797 0.205952 0.142732 0.011633
3 0.41103 0.221103 0.325197 0.011633
3 0.519508 0.236254 0.542155 0.011633
3 0.559427 0.251406 0.621992 0.011633
3 0.362817 0.272845 0.278576 0.011633
3 0.422654 0.396632 0.398249 0.011633
3 0.313846 0.418071 0.130829 0.011633
3 0.307026 0.433222 0.11719 0.011633
3 0.30929 0.448373 0.121717 0.011633
3 0.57627 0.463525 0.655677 0.011633
3 0.545286 0.478676 0.59371 0.011633
3 0.520902 0.493827 0.544942 0.011633
3 0.486353 0.799435 0.525647 0.011633
3 0.291618 0.814586 0.136177 0.011633
4 0.241508 0.958908 0.271251 0.011633
9 0.489992 0.900418 0.532925 0.011633
9 0.55656 0.857465 0.66606 0.041935
9 0.558892 0.755194 0.670726 0.057086
9 0.553132 0.697164 0.659206 0.026784
9 0.558889 0.631483 0.670718 0.072238
9 0.563391 0.522842 0.632663 0.026784
9 0.570579 0.352393 0.627433 0.026784
9 0.563918 0.301935 0.633718 0.026784
7 0.466647 0.56991 0.721529 0.015136
