7 0.096643 0.174983 0.079941 0.013495
7 0.096643 0.422679 0.079941 0.013495
7 0.096643 0.521587 0.079941 0.013495
7 0.096643 0.620352 0.079941 0.013495
7 0.096642 0.735364 0.079941 0.013495
4 0.489857 0.965505 0.041899 0.0118
9 0.492227 0.778607 0.87111 0.032218
9 0.490311 0.828916 0.867278 0.027657
9 0.355065 0.868964 0.596785 0.011695
9 0.46972 0.90103 0.826096 0.011695
9 0.499185 0.66951 0.885026 0.043762
9 0.498479 0.562621 0.883614 0.0278
9 0.489706 0.463714 0.866068 0.0278
9 0.495958 0.364878 0.878572 0.027657
9 0.477888 0.32483 0.842432 0.011695
9 0.311502 0.292764 0.509659 0.011695
9 0.494748 0.252645 0.876152 0.0278
9 0.49493 0.208108 0.876516 0.011695
9 0.072345 0.090531 0.031346 0.011695
7 0.499135 0.124247 0.138706 0.013495
5 0.833133 0.034379 0.172054 0.0118
