5 0.808317 0.075286 0.192891 0.010568
5 0.171056 0.075286 0.151635 0.010568
9 0.255699 0.142038 0.166949 0.069144
9 0.317198 0.480924 0.289948 0.142512
9 0.251306 0.837116 0.158163 0.069144
4 0.5 0.930613 0.025105 0.010651
9 0.337072 0.897723 0.399986 0.010651
9 0.520921 0.769919 0.767683 0.024851
9 0.238126 0.712863 0.149376 0.009976
9 0.515439 0.66815 0.75672 0.039051
9 0.528419 0.604248 0.782679 0.024851
9 0.302397 0.578214 0.330635 0.010651
9 0.525607 0.384142 0.777055 0.010651
9 0.399304 0.334441 0.608131 0.010651
9 0.52077 0.228677 0.767381 0.024851
9 0.512548 0.261812 0.750938 0.024852
3 0.153716 0.202644 0.066646 0.010651
3 0.164059 0.365208 0.087332 0.010651
3 0.164059 0.635016 0.087332 0.010651
3 0.164059 0.743885 0.087332 0.010651
7 0.202994 0.306968 0.215512 0.01278
