5 0.515121 0.053577 0.022177 0.012539
9 0.514516 0.10929 0.783065 0.037903
9 0.488508 0.158307 0.6375 0.015104
9 0.514315 0.209319 0.782661 0.037333
7 0.514315 0.260473 0.115726 0.012539
7 0.513508 0.529068 0.114113 0.012824
7 0.514113 0.716016 0.115323 0.012824
7 0.514113 0.842548 0.115323 0.012824
9 0.514113 0.907239 0.782258 0.058421
9 0.514113 0.780564 0.782258 0.058706
9 0.514315 0.664007 0.781855 0.035908
9 0.514315 0.593474 0.781855 0.058991
9 0.514113 0.314335 0.782258 0.037618
9 0.514113 0.375178 0.782258 0.037333
9 0.514315 0.454973 0.782661 0.07609
