5 0.089118 0.055598 0.057284 0.040373
7 0.288724 0.129351 0.456495 0.045973
9 0.26321 0.26031 0.405468 0.183787
7 0.730456 0.466961 0.425494 0.03256
7 0.172467 0.458645 0.223982 0.015927
3 0.145377 0.486268 0.169802 0.014634
3 0.159018 0.505273 0.197083 0.014634
3 0.164998 0.524277 0.209044 0.014634
3 0.162915 0.543282 0.204878 0.014634
3 0.139934 0.562287 0.158916 0.014634
3 0.268538 0.581292 0.416124 0.014634
3 0.204979 0.600297 0.28901 0.014634
3 0.132601 0.619302 0.144251 0.014634
3 0.169852 0.638307 0.218754 0.014634
3 0.133357 0.657311 0.145764 0.014634
3 0.662406 0.504162 0.289394 0.014479
3 0.560991 0.523167 0.086565 0.014479
3 0.705964 0.542172 0.376511 0.014479
3 0.580503 0.561177 0.125589 0.014479
3 0.57569 0.580181 0.115963 0.014479
3 0.570096 0.599186 0.104775 0.014479
3 0.59322 0.618191 0.151022 0.014479
3 0.617897 0.637196 0.200376 0.014479
3 0.601334 0.656201 0.16725 0.014479
3 0.62743 0.675206 0.219443 0.014479
3 0.618308 0.694211 0.201199 0.014479
3 0.617536 0.713215 0.199654 0.014479
