5 0.853108 0.066183 0.148987 0.010132
9 0.737164 0.14289 0.395895 0.070767
9 0.303573 0.171401 0.391459 0.127784
9 0.290948 0.294937 0.366209 0.108778
9 0.738567 0.398738 0.398703 0.35585
9 0.73252 0.663361 0.386608 0.051761
9 0.736078 0.814675 0.393724 0.165794
9 0.305459 0.822717 0.395233 0.146789
4 0.935454 0.961208 0.011431 0.010132
7 0.583638 0.719755 0.088844 0.010807
7 0.202208 0.737299 0.188729 0.010807
7 0.650961 0.607069 0.223491 0.01375
7 0.598002 0.625457 0.117573 0.010807
7 0.271769 0.380574 0.327852 0.010807
7 0.599712 0.20879 0.120993 0.010807
9 0.307941 0.4945 0.400195 0.203805
3 0.314998 0.645086 0.377802 0.0503
3 0.296547 0.690773 0.340084 0.032025
