7 0.178633 0.243047 0.166789 0.022089
7 0.162319 0.305807 0.134163 0.026498
7 0.187299 0.419637 0.184122 0.015336
7 0.212062 0.580693 0.233647 0.015336
7 0.182612 0.737016 0.174747 0.015336
7 0.102209 0.812012 0.013942 0.010651
7 0.102678 0.76941 0.014879 0.010651
7 0.100812 0.854612 0.011147 0.010651
7 0.102678 0.897214 0.014879 0.010651
4 0.5 0.970427 0.033474 0.010651
9 0.398215 0.916148 0.522271 0.010651
9 0.507842 0.873546 0.741526 0.010651
9 0.24302 0.788344 0.211881 0.010651
9 0.306258 0.830945 0.338357 0.010651
9 0.44664 0.693557 0.702803 0.010651
9 0.492611 0.667523 0.794746 0.024852
9 0.49779 0.627288 0.805103 0.039051
9 0.254455 0.537234 0.318434 0.010651
9 0.182294 0.5183 0.17411 0.010651
9 0.18544 0.499366 0.180403 0.010651
9 0.410498 0.466232 0.630519 0.039052
9 0.240974 0.376178 0.291471 0.010651
