5 0.833133 0.034379 0.172054 0.0118
6 0.284777 0.101739 0.076967 0.051189
9 0.14937 0.59818 0.185395 0.011695
9 0.498479 0.754094 0.883614 0.027657
9 0.496664 0.83647 0.879984 0.096351
7 0.113471 0.566113 0.113597 0.011695
7 0.488446 0.644936 0.863547 0.032165
7 0.091387 0.714047 0.069429 0.011695
7 0.081303 0.910864 0.049261 0.011695
4 0.489857 0.965505 0.041899 0.0118
10 0.499108 0.087011 0.294753 0.018892
10 0.499713 0.112806 0.273375 0.018892
3 0.72411 0.152751 0.306303 0.013495
3 0.706885 0.17142 0.271853 0.013495
3 0.72411 0.190233 0.306303 0.013495
3 0.622009 0.226778 0.102101 0.011695
3 0.622009 0.242882 0.102101 0.011695
3 0.183161 0.162085 0.252977 0.032164
3 0.232015 0.226778 0.350686 0.011695
3 0.221874 0.250863 0.330404 0.027657
3 0.245168 0.318559 0.376992 0.027657
3 0.356093 0.367514 0.598841 0.0278
3 0.183353 0.463714 0.253362 0.0278
3 0.383577 0.519371 0.653809 0.042772
9 0.457639 0.415614 0.395748 0.027657
