6 0.871845 0.07564 0.205596 0.061687
9 0.685652 0.223882 0.498393 0.038806
9 0.244786 0.323063 0.241794 0.036249
9 0.246701 0.39667 0.245625 0.076114
9 0.526817 0.370044 0.251434 0.102839
9 0.80508 0.349992 0.253535 0.090144
7 0.493918 0.309911 0.185636 0.009301
9 0.801909 0.451047 0.247193 0.07667
9 0.799502 0.552103 0.242379 0.090144
9 0.528956 0.484184 0.255711 0.090144
9 0.512122 0.558291 0.222043 0.022775
9 0.804273 0.700317 0.251921 0.14404
9 0.804114 0.849088 0.251603 0.117982
7 0.773801 0.619474 0.190977 0.009301
9 0.525735 0.808677 0.24927 0.090144
9 0.519955 0.889521 0.237708 0.036249
4 0.94438 0.95356 0.013942 0.009301
9 0.242509 0.829649 0.237241 0.022663
3 0.19047 0.849693 0.133163 0.009301
3 0.219441 0.863056 0.191106 0.009301
3 0.172907 0.87653 0.098036 0.009301
3 0.191192 0.889892 0.134607 0.009301
3 0.238292 0.903366 0.228808 0.009301
3 0.52738 0.71998 0.25256 0.049725
3 0.467159 0.686294 0.132117 0.009301
3 0.526572 0.659346 0.250944 0.036249
3 0.521857 0.625661 0.241514 0.022775
3 0.526684 0.591976 0.251167 0.036249
9 0.251798 0.74279 0.25582 0.116202
9 0.243084 0.642569 0.238392 0.049389
9 0.24783 0.555711 0.247883 0.089477
7 0.238235 0.50226 0.228694 0.009301
7 0.251635 0.473725 0.255494 0.016535
