5 0.815455 0.115101 0.178615 0.010568
5 0.245886 0.115101 0.301295 0.010568
7 0.138468 0.152522 0.08646 0.010651
7 0.138017 0.232991 0.085558 0.010651
7 0.116159 0.31346 0.041842 0.010651
7 0.120343 0.408129 0.05021 0.010651
7 0.122201 0.502798 0.053926 0.010651
7 0.126394 0.597467 0.062311 0.010651
7 0.118946 0.677936 0.047415 0.010651
7 0.117557 0.772605 0.044637 0.010651
7 0.117473 0.867274 0.04447 0.010651
4 0.5 0.970427 0.033474 0.010651
9 0.304026 0.930923 0.19331 0.009976
9 0.494886 0.893309 0.715614 0.024851
9 0.304026 0.836253 0.19331 0.009976
9 0.520921 0.79864 0.767683 0.024851
9 0.431426 0.741584 0.44811 0.009976
9 0.52028 0.70397 0.766402 0.024852
9 0.312804 0.646914 0.210867 0.009976
9 0.469731 0.616402 0.665304 0.010651
9 0.299633 0.566445 0.184523 0.009976
9 0.514226 0.528832 0.754293 0.024852
9 0.299633 0.471776 0.184523 0.009976
9 0.506025 0.434163 0.737891 0.024851
9 0.295239 0.377107 0.175736 0.009976
9 0.515505 0.339493 0.756852 0.024851
9 0.317198 0.282438 0.219653 0.009976
9 0.466836 0.251924 0.659513 0.010651
9 0.321591 0.201969 0.22844 0.009976
9 0.251057 0.171455 0.227955 0.010651
