9 0.558449 0.149135 0.669843 0.117692
9 0.508676 0.229967 0.570296 0.011633
9 0.570637 0.287997 0.647159 0.041935
9 0.549209 0.346105 0.584693 0.026784
9 0.570631 0.411786 0.627544 0.072238
9 0.57063 0.507518 0.647144 0.075953
9 0.570621 0.589816 0.647122 0.026784
9 0.56972 0.670648 0.64532 0.072238
9 0.57825 0.839812 0.662377 0.057086
9 0.570578 0.75898 0.647034 0.041935
9 0.565489 0.88389 0.636854 0.011079
4 0.692401 0.958908 0.403625 0.011633
3 0.308789 0.795646 0.170514 0.011633
3 0.33287 0.72239 0.218676 0.011633
3 0.347886 0.618831 0.248712 0.011633
3 0.321936 0.560726 0.196813 0.011633
3 0.336933 0.251406 0.22681 0.011633
