5 0.214971 0.077917 0.177425 0.012727
5 0.494985 0.096995 0.021767 0.012727
5 0.803233 0.077919 0.117682 0.012727
0 0.305458 0.14444 0.132714 0.009773
0 0.68486 0.206561 0.067214 0.009773
0 0.685467 0.687165 0.06839 0.009773
7 0.686491 0.889287 0.286914 0.060074
7 0.685975 0.416711 0.303094 0.034921
7 0.30482 0.295801 0.298421 0.047647
9 0.686023 0.937015 0.356333 0.022803
9 0.305912 0.861552 0.359332 0.17372
9 0.304823 0.620037 0.357179 0.299755
9 0.686095 0.622766 0.356568 0.085213
9 0.686168 0.50943 0.356748 0.135512
9 0.305023 0.397917 0.357617 0.13554
9 0.685808 0.161105 0.355491 0.047346
8 0.30347 0.198169 0.353336 0.092479
8 0.684945 0.296427 0.354048 0.161287
8 0.684945 0.766527 0.355473 0.142571
