1 0.719454 0.895912 0.398124 0.035329
9 0.718299 0.823745 0.400518 0.036056
9 0.718296 0.728063 0.400515 0.05045
9 0.288528 0.864506 0.400585 0.099397
9 0.288534 0.722461 0.400598 0.055912
9 0.288625 0.601552 0.40078 0.070458
9 0.669283 0.621856 0.302489 0.012579
9 0.718308 0.540795 0.400539 0.070458
7 0.71817 0.780048 0.233202 0.011321
7 0.288464 0.788685 0.221634 0.011321
7 0.288465 0.397624 0.149868 0.011321
7 0.718297 0.373615 0.396201 0.023382
2 0.721295 0.481561 0.394747 0.044077
2 0.77404 0.594559 0.289257 0.015052
2 0.735707 0.669663 0.365924 0.057553
2 0.347864 0.670033 0.282002 0.038632
2 0.321198 0.542002 0.335335 0.038632
2 0.28855 0.2505 0.400631 0.044077
2 0.303059 0.176023 0.37161 0.037851
5 0.914462 0.042461 0.008139 0.012579
9 0.718285 0.082385 0.40049 0.026973
9 0.288513 0.122386 0.400559 0.041518
9 0.21776 0.207764 0.25905 0.012579
9 0.288626 0.316931 0.400782 0.084852
7 0.288538 0.075509 0.39041 0.0102
9 0.718285 0.426704 0.400491 0.041367
9 0.288543 0.466249 0.400616 0.085003
