3 0.297077 0.100041 0.358859 0.013774
3 0.410411 0.129284 0.585527 0.013774
3 0.409332 0.158375 0.583369 0.013774
3 0.415801 0.187617 0.59631 0.013774
3 0.498617 0.231329 0.761943 0.043016
3 0.405114 0.275193 0.574938 0.013774
3 0.396291 0.304284 0.557291 0.013774
3 0.379331 0.333526 0.52337 0.013774
3 0.322762 0.362768 0.410232 0.013774
3 0.498547 0.406481 0.761802 0.043016
3 0.43237 0.450193 0.629448 0.013774
3 0.469527 0.479435 0.703761 0.013774
3 0.362369 0.508678 0.489446 0.013774
3 0.41786 0.537768 0.600426 0.013774
3 0.429428 0.567011 0.623563 0.013774
3 0.278841 0.596102 0.322389 0.013774
3 0.282565 0.625344 0.32984 0.013774
3 0.391781 0.654586 0.548271 0.013774
3 0.391976 0.683678 0.548662 0.013774
3 0.284917 0.71292 0.334546 0.013774
3 0.375015 0.742011 0.514742 0.013774
3 0.498349 0.771253 0.761408 0.013774
3 0.498545 0.815041 0.7618 0.042865
3 0.379425 0.858829 0.523565 0.013774
3 0.338347 0.888072 0.441409 0.013774
3 0.498445 0.917162 0.761604 0.013774
4 0.489086 0.961992 0.028768 0.01511
