9 0.328577 0.087143 0.414731 0.063269
9 0.328056 0.245799 0.413689 0.144018
9 0.325712 0.416019 0.409 0.127868
9 0.313636 0.512918 0.384848 0.030969
9 0.32798 0.681523 0.413535 0.095568
9 0.3292 0.798448 0.415976 0.030969
9 0.747525 0.111368 0.414242 0.111718
9 0.74463 0.208267 0.408451 0.047119
9 0.746572 0.297091 0.412337 0.095568
9 0.74471 0.394636 0.408611 0.030969
3 0.746027 0.440825 0.380943 0.047119
3 0.755379 0.495089 0.399646 0.047119
3 0.751643 0.549352 0.392175 0.047119
3 0.194537 0.542957 0.116347 0.014819
3 0.194066 0.564921 0.115404 0.014819
3 0.189394 0.586885 0.106061 0.014819
3 0.193123 0.608848 0.113519 0.014819
6 0.321197 0.861241 0.401168 0.069758
0 0.646755 0.881064 0.212701 0.013969
0 0.243131 0.912072 0.243838 0.013969
4 0.9202 0.948495 0.047727 0.015904
7 0.190438 0.753823 0.138451 0.017041
7 0.166999 0.771384 0.091574 0.017196
7 0.628796 0.369391 0.176785 0.017041
7 0.206793 0.342324 0.171162 0.017041
7 0.181557 0.164029 0.12069 0.017041
7 0.213818 0.142511 0.185212 0.02045
8 0.741492 0.726062 0.405711 0.279425
