9 0.207685 0.073213 0.166721 0.010248
5 0.086655 0.048213 0.042905 0.052705
5 0.245652 0.052199 0.221034 0.011712
7 0.29489 0.149139 0.373563 0.029565
7 0.71121 0.386886 0.352149 0.01464
7 0.236062 0.35155 0.255907 0.01464
7 0.276688 0.711132 0.33716 0.044491
7 0.652926 0.701694 0.23558 0.01464
4 0.22381 0.972557 0.336623 0.016104
9 0.30388 0.247178 0.391543 0.146039
9 0.303722 0.397348 0.391227 0.056488
9 0.304379 0.457283 0.392542 0.041563
9 0.302948 0.576918 0.389681 0.17589
9 0.303048 0.756932 0.389879 0.026637
9 0.730338 0.732567 0.390404 0.026637
9 0.730273 0.627179 0.390275 0.086338
9 0.728786 0.55232 0.387301 0.041563
9 0.729955 0.462535 0.389639 0.116189
9 0.730181 0.199961 0.390094 0.131114
9 0.730924 0.289746 0.39158 0.026637
9 0.73035 0.334755 0.390433 0.041563
