5 0.795932 0.115101 0.217662 0.010568
5 0.274631 0.115101 0.358786 0.010568
9 0.516343 0.159622 0.758527 0.024851
9 0.514215 0.216281 0.754271 0.024851
9 0.492635 0.249368 0.711112 0.024851
9 0.385394 0.360035 0.49663 0.010651
9 0.51431 0.492002 0.75446 0.039051
9 0.516944 0.539289 0.75973 0.039052
9 0.500146 0.579476 0.726134 0.024851
9 0.515899 0.612562 0.75764 0.024851
9 0.378707 0.649891 0.465684 0.009976
9 0.520109 0.694828 0.766059 0.039052
9 0.501346 0.735015 0.728534 0.024851
9 0.188735 0.761002 0.103311 0.010651
9 0.496454 0.786989 0.718749 0.024851
9 0.188735 0.812975 0.103311 0.010651
9 0.299677 0.831861 0.325196 0.010651
9 0.188735 0.850747 0.103311 0.010651
9 0.354975 0.893207 0.435792 0.010651
9 0.512234 0.926293 0.75031 0.039052
4 0.5 0.970427 0.025105 0.010651
3 0.226604 0.87432 0.212423 0.010651
3 0.332858 0.190295 0.42493 0.010651
9 0.268879 0.307997 0.246028 0.052578
9 0.304018 0.418664 0.316306 0.066778
