5 0.192538 0.018682 0.336807 0.012869
7 0.077977 0.042032 0.107683 0.010355
7 0.105459 0.500557 0.162647 0.010448
7 0.571166 0.449219 0.105896 0.010448
7 0.598092 0.552618 0.159748 0.010355
7 0.567843 0.461587 0.099249 0.010355
9 0.471194 0.058459 0.894118 0.021313
9 0.483291 0.214538 0.918312 0.016182
9 0.342997 0.226859 0.637724 0.007961
9 0.485867 0.239181 0.923464 0.016182
9 0.243223 0.284664 0.438177 0.020617
7 0.119453 0.269262 0.190636 0.010355
7 0.668938 0.278114 0.297566 0.010448
9 0.250714 0.443587 0.453159 0.033403
9 0.244639 0.468221 0.441009 0.01698
9 0.723519 0.425104 0.410602 0.01698
9 0.22298 0.486913 0.39769 0.010364
9 0.248581 0.533454 0.448891 0.054159
9 0.250795 0.602583 0.45332 0.076065
9 0.24938 0.65528 0.45049 0.021313
9 0.725463 0.475964 0.414491 0.01994
9 0.735622 0.516344 0.434808 0.054159
9 0.743007 0.57452 0.449579 0.032261
9 0.746016 0.621061 0.455596 0.054159
9 0.726362 0.660755 0.416288 0.01994
4 0.862583 0.700244 0.215864 0.008768
4 0.034704 0.700244 0.013541 0.008768
8 0.499197 0.140271 0.95834 0.130697
8 0.250335 0.361915 0.460616 0.126951
8 0.745997 0.347971 0.461205 0.129032
