6 0.678665 0.140186 0.402916 0.165004
0 0.613967 0.238532 0.268176 0.013969
9 0.686687 0.384334 0.413778 0.240917
9 0.686759 0.597518 0.413923 0.111718
9 0.687136 0.718642 0.414675 0.095568
9 0.267281 0.680315 0.41335 0.063269
9 0.266448 0.81016 0.411684 0.127868
9 0.686585 0.851071 0.413574 0.095568
4 0.08915 0.9485 0.057088 0.015904
7 0.573687 0.791708 0.187778 0.017196
7 0.126566 0.736465 0.131919 0.017041
0 0.140626 0.619255 0.16004 0.013969
7 0.543076 0.53008 0.126556 0.017196
6 0.260533 0.3295 0.404093 0.546786
