5 0.806618 0.075286 0.196289 0.010568
5 0.171056 0.075286 0.151635 0.010568
9 0.521741 0.119808 0.769323 0.024851
9 0.29099 0.145842 0.307821 0.010651
9 0.520919 0.216844 0.767678 0.067452
9 0.520909 0.278379 0.767659 0.039051
9 0.520919 0.325713 0.767679 0.039051
9 0.525607 0.373048 0.777055 0.039051
9 0.36938 0.429849 0.464601 0.010651
9 0.286737 0.607354 0.299316 0.010651
9 0.524827 0.692557 0.775495 0.095853
9 0.520925 0.761192 0.767691 0.024851
9 0.534979 0.855861 0.7958 0.053251
4 0.5 0.930613 0.025105 0.010651
7 0.10964 0.815627 0.028804 0.010651
7 0.167064 0.791959 0.143652 0.010651
7 0.186621 0.631021 0.182766 0.010651
7 0.119657 0.410915 0.048838 0.010651
7 0.110368 0.169509 0.03026 0.010651
9 0.356737 0.518347 0.369026 0.125946
