5 0.794102 0.0818 0.064386 0.013094
5 0.315212 0.061207 0.392085 0.05428
9 0.502488 0.125498 0.766637 0.046579
9 0.502181 0.181576 0.766024 0.030475
9 0.38226 0.221621 0.526181 0.014514
9 0.354241 0.253686 0.470144 0.014514
9 0.502181 0.293839 0.766024 0.030618
9 0.451324 0.333956 0.664308 0.014514
9 0.421189 0.366021 0.604038 0.014514
9 0.502107 0.406066 0.765876 0.030475
8 0.457032 0.480211 0.681032 0.086847
9 0.50244 0.540549 0.766541 0.030618
9 0.500402 0.588647 0.762465 0.030475
7 0.224412 0.628692 0.210485 0.014514
9 0.502518 0.696492 0.766697 0.110709
9 0.461301 0.796178 0.684264 0.014514
9 0.502426 0.836319 0.766512 0.030618
9 0.496256 0.884416 0.754174 0.030475
4 0.311181 0.971881 0.384022 0.011832
7 0.21776 0.776654 0.197181 0.014514
