9 0.687159 0.094853 0.41473 0.079419
9 0.256745 0.070631 0.392278 0.030969
9 0.268284 0.119081 0.415355 0.030969
9 0.2667 0.200476 0.412189 0.063269
9 0.26697 0.281226 0.412727 0.063269
9 0.262103 0.378125 0.403003 0.030969
9 0.239445 0.458868 0.357694 0.030969
9 0.256515 0.57192 0.391825 0.030969
9 0.686624 0.583939 0.413653 0.079419
7 0.575717 0.529746 0.191838 0.02045
0 0.678258 0.865664 0.397459 0.013969
0 0.196962 0.913286 0.270368 0.013969
4 0.08447 0.948495 0.047727 0.015904
6 0.679444 0.743072 0.401282 0.213473
6 0.261442 0.747738 0.401282 0.293963
7 0.226187 0.159081 0.331162 0.017041
2 0.179958 0.33775 0.17472 0.014819
2 0.146981 0.418533 0.108788 0.03039
2 0.199186 0.513825 0.277176 0.066487
2 0.64884 0.181656 0.274125 0.067317
2 0.634035 0.26443 0.244495 0.063269
2 0.634027 0.34518 0.244495 0.06327
2 0.634027 0.42593 0.244495 0.063272
2 0.629058 0.490528 0.234558 0.030969
