5 0.221062 0.096864 0.207583 0.011014
9 0.190867 0.343163 0.147194 0.051469
9 0.295867 0.440411 0.357195 0.051469
9 0.276521 0.513664 0.318502 0.079254
9 0.28889 0.640592 0.34324 0.055258
9 0.298196 0.760575 0.361852 0.093147
9 0.698205 0.598914 0.367659 0.009791
9 0.29066 0.259807 0.346781 0.023683
9 0.174043 0.235179 0.113545 0.009791
9 0.688212 0.249071 0.347672 0.037576
9 0.604961 0.280646 0.18117 0.009791
9 0.681828 0.31222 0.334905 0.037576
9 0.667 0.343794 0.305249 0.009791
7 0.582112 0.217497 0.135473 0.009791
7 0.170471 0.217497 0.106402 0.009791
7 0.195227 0.304642 0.155914 0.009791
7 0.196691 0.401891 0.158842 0.009791
7 0.634686 0.381683 0.24062 0.009791
7 0.21001 0.593231 0.185481 0.023683
7 0.603213 0.585022 0.177676 0.009791
7 0.575137 0.494088 0.121523 0.009791
7 0.596859 0.403154 0.164967 0.009791
9 0.698221 0.437886 0.367692 0.051469
9 0.698232 0.528819 0.367713 0.051469
7 0.22084 0.701215 0.207141 0.009791
4 0.861043 0.972698 0.19945 0.006731
