5 0.07387 0.037367 0.014407 0.011612
5 0.978641 0.127656 0.014134 0.033084
5 0.978641 0.314203 0.014135 0.056015
5 0.978641 0.526309 0.014134 0.130047
5 0.978758 0.657996 0.01437 0.043261
5 0.978641 0.847353 0.014135 0.071813
9 0.510738 0.670225 0.888142 0.028157
9 0.163554 0.689233 0.193774 0.009149
9 0.189143 0.698738 0.244953 0.009149
9 0.228736 0.708242 0.32414 0.009149
8 0.509729 0.436015 0.887292 0.410027
7 0.159018 0.172509 0.184703 0.013063
7 0.157614 0.185679 0.181896 0.01285
9 0.505472 0.205365 0.877612 0.025731
5 0.105208 0.050373 0.077082 0.01016
5 0.131678 0.059959 0.130022 0.009994
