5 0.790819 0.075414 0.227888 0.010568
5 0.188018 0.075414 0.185561 0.010568
7 0.240007 0.112284 0.289538 0.01278
7 0.158269 0.574021 0.126062 0.01278
4 0.5 0.93074 0.025105 0.010651
9 0.328078 0.876398 0.39539 0.054096
9 0.244611 0.719081 0.228456 0.038378
9 0.323684 0.262925 0.386602 0.112416
9 0.500188 0.160739 0.809899 0.053253
9 0.509373 0.37272 0.82827 0.067453
9 0.502265 0.441038 0.814053 0.053251
9 0.328078 0.492003 0.39539 0.009976
9 0.495046 0.529278 0.799616 0.024852
9 0.489903 0.608276 0.789329 0.024851
9 0.257784 0.645041 0.254801 0.009976
9 0.426283 0.675215 0.66209 0.010651
9 0.490502 0.770556 0.790528 0.024851
9 0.499858 0.810472 0.80924 0.039052
