5 0.795932 0.115101 0.217662 0.010568
5 0.231635 0.115101 0.272793 0.010568
4 0.5 0.970427 0.025105 0.010651
9 0.33418 0.171455 0.394201 0.010651
9 0.269124 0.214057 0.26409 0.010651
9 0.272974 0.256658 0.271789 0.010651
9 0.315715 0.29926 0.357272 0.010651
9 0.308288 0.34186 0.342418 0.010651
9 0.31356 0.384462 0.352962 0.010651
9 0.338828 0.427051 0.403497 0.010674
9 0.196336 0.469664 0.118513 0.010651
9 0.261668 0.512265 0.249177 0.010651
9 0.323042 0.554867 0.371925 0.010651
9 0.226847 0.597467 0.179535 0.010651
9 0.276112 0.640069 0.278065 0.010651
9 0.265784 0.682669 0.257409 0.010651
9 0.297828 0.725271 0.321497 0.010651
9 0.287225 0.767872 0.300291 0.010651
9 0.253567 0.810474 0.232976 0.010651
9 0.311585 0.853074 0.349012 0.010651
9 0.288296 0.895676 0.302433 0.010651
9 0.280246 0.938277 0.286333 0.010651
7 0.111046 0.152522 0.031616 0.010651
7 0.116168 0.195124 0.041859 0.010651
7 0.122678 0.237724 0.05488 0.010651
7 0.117088 0.280326 0.0437 0.010651
7 0.109197 0.322927 0.027917 0.010651
7 0.113833 0.365528 0.037189 0.010651
7 0.13416 0.408129 0.077843 0.010651
7 0.125456 0.450731 0.060436 0.010651
7 0.134762 0.493331 0.079048 0.010651
7 0.127323 0.535933 0.064169 0.010651
7 0.118837 0.578534 0.047198 0.010651
7 0.123473 0.621135 0.05647 0.010651
7 0.100351 0.663736 0.010226 0.010651
7 0.120335 0.706338 0.050194 0.010651
7 0.107791 0.748938 0.025105 0.010651
7 0.104544 0.79154 0.018611 0.010651
7 0.115691 0.834141 0.040905 0.010651
7 0.112444 0.876742 0.034411 0.010651
7 0.107331 0.919343 0.024185 0.010651
