5 0.948725 0.757351 0.019069 0.023424
9 0.275288 0.147912 0.388413 0.027006
9 0.703205 0.147836 0.390201 0.026887
9 0.278076 0.285609 0.394019 0.225832
9 0.276075 0.522719 0.390018 0.225832
9 0.27625 0.660416 0.390369 0.027007
9 0.276873 0.851844 0.391587 0.088184
9 0.701894 0.882525 0.387569 0.026887
9 0.70304 0.829304 0.389862 0.057237
9 0.704436 0.216231 0.392661 0.087587
9 0.704202 0.375665 0.392195 0.208985
9 0.70317 0.542686 0.390129 0.102761
9 0.704459 0.64142 0.392709 0.072412
9 0.703782 0.768507 0.391345 0.042062
4 0.92557 0.972557 0.034925 0.016104
4 0.749891 0.974145 0.284013 0.010248
7 0.693737 0.717779 0.371256 0.042265
3 0.236173 0.690745 0.310184 0.013176
3 0.275722 0.717368 0.389282 0.028135
3 0.27515 0.751809 0.388138 0.028135
3 0.276337 0.786249 0.390512 0.028135
7 0.913346 0.048213 0.042905 0.052705
7 0.767576 0.052199 0.194581 0.011712
9 0.646358 0.077962 0.465751 0.019746
