5 0.131678 0.048259 0.130022 0.033396
7 0.172219 0.172509 0.211106 0.013063
7 0.181661 0.237826 0.229989 0.013063
7 0.199509 0.420714 0.265685 0.013063
7 0.237406 0.62973 0.341479 0.013063
7 0.186778 0.681984 0.240223 0.013063
9 0.503976 0.198834 0.874618 0.038795
9 0.49863 0.257619 0.863927 0.025731
9 0.501157 0.37519 0.86898 0.051858
9 0.503924 0.447039 0.874514 0.038795
9 0.503211 0.512356 0.873088 0.064922
9 0.509955 0.584205 0.886576 0.051858
9 0.498465 0.649523 0.863596 0.025731
9 0.394922 0.695245 0.656511 0.012668
9 0.508376 0.835803 0.883419 0.075045
9 0.496401 0.91094 0.859469 0.050682
3 0.501391 0.296809 0.869449 0.025731
3 0.513312 0.322936 0.89329 0.025731
8 0.508732 0.750522 0.889962 0.067615
