7 0.178633 0.243047 0.166789 0.022089
7 0.20627 0.305807 0.222064 0.026498
7 0.212062 0.419637 0.233647 0.015336
7 0.243861 0.528625 0.297246 0.015336
7 0.232245 0.666014 0.274014 0.015336
7 0.220497 0.700224 0.250517 0.01278
7 0.1754 0.841488 0.160324 0.01278
4 0.5 0.970427 0.033474 0.010651
9 0.395956 0.868961 0.601436 0.010651
9 0.486494 0.748997 0.782511 0.053251
9 0.493229 0.796332 0.795981 0.024851
9 0.47696 0.615455 0.763444 0.024851
9 0.473464 0.57522 0.756452 0.039052
9 0.499494 0.478066 0.808512 0.024851
9 0.376329 0.452031 0.562182 0.010651
9 0.18683 0.376178 0.183184 0.010651
