5 0.914462 0.042675 0.008139 0.011321
0 0.718204 0.359711 0.400329 0.023371
9 0.127721 0.075402 0.078971 0.011321
9 0.288603 0.184266 0.400736 0.192382
9 0.293038 0.376161 0.409607 0.177382
9 0.718396 0.466615 0.400715 0.041624
9 0.293073 0.622524 0.409676 0.147078
9 0.293116 0.776691 0.409762 0.147231
9 0.288495 0.885479 0.40052 0.056624
7 0.288524 0.518727 0.099402 0.010189
7 0.718322 0.415544 0.115467 0.010189
6 0.717847 0.196091 0.34507 0.267618
3 0.656801 0.565089 0.263013 0.010189
3 0.656754 0.551519 0.242919 0.010663
3 0.721831 0.584862 0.393074 0.023371
3 0.651831 0.604635 0.253074 0.010189
3 0.686309 0.908421 0.336541 0.010189
3 0.718172 0.888649 0.400268 0.023371
3 0.691014 0.868876 0.345953 0.010189
3 0.649348 0.855543 0.262621 0.010189
3 0.718202 0.83577 0.400331 0.023371
3 0.683661 0.815997 0.331248 0.010189
3 0.718171 0.796149 0.400267 0.023523
3 0.718202 0.76971 0.400329 0.023371
3 0.718171 0.743346 0.400267 0.023371
3 0.718369 0.723573 0.386149 0.010189
3 0.716605 0.71024 0.382621 0.010189
3 0.721852 0.690467 0.393114 0.023371
3 0.721782 0.664104 0.392974 0.023371
3 0.650918 0.644331 0.251248 0.010189
3 0.72193 0.624407 0.393272 0.023371
