7 0.210465 0.122496 0.244459 0.037277
7 0.709951 0.129137 0.243431 0.014634
7 0.70551 0.295204 0.23455 0.05704
9 0.736498 0.427855 0.296526 0.173293
7 0.247655 0.643321 0.260016 0.014634
7 0.299179 0.682311 0.363063 0.019715
4 0.22237 0.96417 0.332462 0.024851
9 0.324459 0.736019 0.240422 0.052717
9 0.293983 0.826451 0.352668 0.113005
9 0.684104 0.736029 0.348583 0.052717
6 0.281008 0.426237 0.562015 0.358873
6 0.154101 0.730266 0.074166 0.046499
6 0.710348 0.8483 0.408738 0.153803
6 0.669144 0.203878 0.164814 0.090613
