5 0.79035 0.115101 0.228825 0.010568
5 0.25771 0.115101 0.324944 0.010568
7 0.254236 0.151971 0.317996 0.01278
9 0.486636 0.18891 0.782796 0.029584
9 0.305619 0.259912 0.420763 0.010651
9 0.257785 0.22889 0.289948 0.009976
9 0.161139 0.290426 0.096655 0.009976
9 0.495724 0.342748 0.800972 0.053251
9 0.368374 0.382982 0.546272 0.010651
9 0.32738 0.586521 0.464284 0.010651
9 0.498661 0.690657 0.806846 0.039051
9 0.504684 0.759292 0.818891 0.081653
9 0.493774 0.842129 0.797071 0.067451
9 0.49003 0.896563 0.789584 0.024852
9 0.235906 0.922597 0.281336 0.010651
4 0.5 0.970427 0.033474 0.010651
9 0.257785 0.631235 0.289948 0.038376
8 0.445802 0.491206 0.673545 0.141504
9 0.235818 0.413495 0.263587 0.009976
