5 0.691685 0.027135 0.445226 0.026426
3 0.383972 0.087445 0.591491 0.018779
3 0.277551 0.10765 0.378649 0.018779
9 0.499121 0.183443 0.828508 0.104301
9 0.31581 0.253286 0.461887 0.018779
9 0.506705 0.318733 0.843677 0.047287
9 0.493132 0.374322 0.81653 0.047287
9 0.506739 0.422785 0.843744 0.033033
9 0.512887 0.485501 0.856041 0.075794
7 0.252621 0.27719 0.335509 0.018554
7 0.19637 0.537912 0.223006 0.018554
9 0.512644 0.572328 0.855554 0.033033
9 0.509838 0.613664 0.849943 0.033033
9 0.397772 0.647873 0.625812 0.018779
9 0.443037 0.674955 0.716341 0.018779
7 0.233689 0.698858 0.297644 0.018554
9 0.515491 0.747529 0.861249 0.06154
9 0.510124 0.795991 0.850514 0.018779
9 0.510359 0.854311 0.850985 0.033033
9 0.516655 0.895647 0.863577 0.033033
7 0.228649 0.819894 0.287565 0.018554
4 0.516665 0.976362 0.119125 0.015023
