3 0.508705 0.085157 0.904399 0.080169
3 0.504639 0.146414 0.896267 0.021992
3 0.49928 0.178582 0.885548 0.021992
3 0.502144 0.210748 0.891276 0.021992
3 0.507182 0.242917 0.901352 0.021992
3 0.509257 0.275086 0.905501 0.021992
3 0.506135 0.307254 0.899259 0.021992
3 0.507832 0.339423 0.902653 0.021992
3 0.49655 0.37159 0.880089 0.021995
3 0.473359 0.39794 0.841726 0.010357
3 0.457468 0.420526 0.809946 0.010357
3 0.500679 0.446877 0.896366 0.021992
3 0.500679 0.479046 0.896366 0.021992
3 0.486685 0.511214 0.868379 0.021992
3 0.472602 0.545777 0.840213 0.010357
3 0.488492 0.56631 0.871994 0.010357
3 0.498533 0.592661 0.892076 0.021992
3 0.500977 0.62483 0.896963 0.021992
3 0.495771 0.656997 0.886552 0.021995
3 0.48502 0.689164 0.865049 0.021992
4 0.499213 0.730809 0.014777 0.009559
