5 0.794102 0.0818 0.064386 0.013094
5 0.315212 0.061207 0.392085 0.05428
9 0.2485 0.109465 0.258661 0.014514
9 0.50248 0.179224 0.766621 0.046579
9 0.502261 0.257107 0.766182 0.030475
7 0.19536 0.225512 0.152382 0.015776
7 0.152526 0.139578 0.066714 0.015776
7 0.186391 0.295378 0.134442 0.015776
7 0.185282 0.350957 0.132225 0.015776
9 0.168955 0.318992 0.09957 0.014514
9 0.502514 0.390604 0.766688 0.046579
9 0.500387 0.468439 0.762434 0.030618
7 0.18246 0.436749 0.126581 0.015776
7 0.22028 0.506603 0.202221 0.015776
7 0.189213 0.576433 0.140086 0.015776
7 0.297784 0.646299 0.35723 0.015776
7 0.196368 0.700169 0.154398 0.015776
7 0.357063 0.753895 0.475788 0.015776
7 0.232475 0.807764 0.226611 0.015776
9 0.311105 0.831402 0.383871 0.014514
9 0.392742 0.777509 0.547144 0.014514
9 0.253438 0.723783 0.268538 0.014514
9 0.239026 0.669914 0.239713 0.014514
9 0.502306 0.608099 0.766274 0.030618
9 0.502392 0.538269 0.766445 0.030618
4 0.311181 0.971881 0.384022 0.011832
3 0.231165 0.861422 0.22399 0.015145
3 0.178328 0.877526 0.118316 0.015145
3 0.183165 0.893487 0.127992 0.015145
