7 0.192538 0.018687 0.336807 0.012879
7 0.060701 0.114543 0.069257 0.010448
9 0.739226 0.05299 0.442015 0.032252
9 0.236753 0.05299 0.425235 0.032252
9 0.471098 0.089268 0.893926 0.021303
8 0.498662 0.260659 0.952949 0.279866
9 0.489797 0.411423 0.931324 0.01697
9 0.499171 0.431956 0.950071 0.025191
9 0.236424 0.488286 0.424577 0.071955
9 0.742086 0.479392 0.447737 0.032252
9 0.744843 0.539619 0.45325 0.076065
9 0.247541 0.539963 0.446813 0.020617
7 0.578583 0.45744 0.12073 0.010448
4 0.862583 0.605116 0.215864 0.008759
4 0.038086 0.605116 0.020305 0.008759
