5 0.913346 0.048213 0.042905 0.052705
5 0.772982 0.06234 0.205391 0.031994
9 0.488525 0.147727 0.814918 0.026637
9 0.488 0.501396 0.813838 0.026637
9 0.484481 0.429865 0.806799 0.021104
9 0.34634 0.715188 0.530517 0.010248
9 0.311287 0.726044 0.460412 0.010248
9 0.484546 0.753185 0.80693 0.042816
9 0.484482 0.791181 0.806802 0.03196
9 0.48421 0.818321 0.80623 0.021104
5 0.948725 0.757351 0.019069 0.023424
4 0.775459 0.972557 0.335149 0.016104
7 0.37403 0.470523 0.585898 0.01464
8 0.486208 0.290881 0.815834 0.233591
8 0.487098 0.614364 0.812275 0.171553
