5 0.815455 0.115101 0.178615 0.010568
5 0.249225 0.115101 0.307973 0.010568
7 0.132896 0.152522 0.075315 0.010651
7 0.135222 0.244789 0.079968 0.010651
7 0.135222 0.337058 0.079968 0.010651
7 0.135222 0.429325 0.079968 0.010651
7 0.144051 0.521593 0.097626 0.010651
7 0.114301 0.56364 0.038126 0.010651
7 0.114301 0.641707 0.038126 0.010651
7 0.116628 0.719774 0.042779 0.010651
7 0.116628 0.797841 0.042779 0.010651
7 0.136151 0.875909 0.081826 0.010651
4 0.5 0.970427 0.033474 0.010651
9 0.517652 0.178371 0.761146 0.024851
9 0.513134 0.270639 0.752109 0.024851
9 0.513622 0.362906 0.753086 0.024851
9 0.520211 0.455175 0.766264 0.024851
9 0.325361 0.540342 0.376563 0.010651
9 0.304026 0.491679 0.19331 0.009976
9 0.233547 0.582389 0.192936 0.010651
9 0.260092 0.611793 0.105442 0.009976
9 0.260092 0.689861 0.105442 0.009976
9 0.221129 0.660456 0.168099 0.010651
9 0.260092 0.767929 0.105442 0.009976
9 0.229028 0.738524 0.183898 0.010651
9 0.465126 0.816591 0.656094 0.010651
9 0.260092 0.845996 0.105442 0.009976
9 0.514735 0.901758 0.755312 0.024851
9 0.282059 0.938263 0.149376 0.009976
9 0.304026 0.307144 0.19331 0.009976
9 0.374312 0.399411 0.333882 0.009976
9 0.304026 0.214877 0.19331 0.009976
