5 0.79035 0.115101 0.228825 0.010568
5 0.265334 0.115101 0.340192 0.010568
9 0.40716 0.194869 0.588697 0.095179
9 0.493214 0.282692 0.795951 0.039051
9 0.108251 0.315827 0.026026 0.010651
9 0.415948 0.353439 0.606273 0.024176
9 0.501815 0.419962 0.813154 0.067453
9 0.282129 0.467297 0.373782 0.010651
9 0.17308 0.540666 0.072002 0.010651
9 0.24427 0.583267 0.214381 0.010651
9 0.249115 0.625869 0.224072 0.010651
9 0.236161 0.668469 0.198163 0.010651
9 0.257316 0.711071 0.240474 0.010651
9 0.503824 0.760772 0.733489 0.024851
9 0.232785 0.810462 0.191411 0.010674
9 0.322692 0.853074 0.371225 0.010651
9 0.242324 0.895676 0.21049 0.010651
9 0.410614 0.938277 0.54707 0.010651
4 0.5 0.970427 0.033474 0.010651
7 0.134779 0.918899 0.079081 0.010378
7 0.130385 0.876299 0.070294 0.010378
7 0.112812 0.833697 0.035147 0.010378
7 0.112812 0.791096 0.035147 0.010378
7 0.117205 0.734294 0.043934 0.010378
7 0.121599 0.691693 0.052721 0.010379
7 0.149004 0.649382 0.107531 0.010958
7 0.121599 0.60649 0.052721 0.010379
7 0.209458 0.56389 0.22844 0.010379
7 0.222392 0.521578 0.254308 0.010958
7 0.19404 0.497911 0.197604 0.010958
