5 0.786325 0.115101 0.236876 0.010568
5 0.197441 0.115101 0.204406 0.010568
7 0.252857 0.152522 0.315237 0.010651
7 0.219701 0.236912 0.248926 0.010651
7 0.220069 0.455053 0.249662 0.010651
7 0.199215 0.638033 0.207954 0.010651
7 0.261439 0.694011 0.332402 0.010674
7 0.21299 0.778412 0.235503 0.010651
7 0.209626 0.834402 0.228775 0.010651
4 0.5 0.970427 0.033474 0.010651
9 0.518887 0.192486 0.763615 0.053253
9 0.518235 0.269775 0.76231 0.039052
9 0.3831 0.312864 0.439323 0.009976
9 0.525607 0.363563 0.777055 0.053253
9 0.520748 0.417726 0.767338 0.039051
9 0.488849 0.473716 0.703539 0.010651
9 0.521573 0.513679 0.768988 0.053252
9 0.510318 0.560743 0.746477 0.024851
9 0.519588 0.600707 0.765021 0.039052
9 0.501668 0.663796 0.729177 0.024852
9 0.516569 0.733986 0.758979 0.053252
9 0.517469 0.804176 0.76078 0.024852
9 0.380655 0.853065 0.48715 0.010651
9 0.238125 0.881953 0.131802 0.009976
9 0.14405 0.911351 0.013942 0.010651
9 0.238125 0.94024 0.131802 0.009976
