5 0.732254 0.093735 0.012323 0.012994
5 0.233342 0.070051 0.013906 0.011802
9 0.232182 0.188735 0.28115 0.155019
9 0.233476 0.564448 0.282551 0.560757
9 0.23408 0.899 0.280981 0.073731
9 0.731673 0.159736 0.278399 0.052662
9 0.730236 0.372676 0.280962 0.214246
9 0.732431 0.645164 0.291121 0.174473
9 0.725918 0.811361 0.279162 0.114441
9 0.725574 0.925456 0.279305 0.074842
7 0.730808 0.213604 0.051193 0.013749
7 0.730248 0.240374 0.131532 0.012994
7 0.734247 0.506642 0.063248 0.014807
7 0.727885 0.532685 0.074407 0.013749
