9 0.557281 0.119028 0.667502 0.057479
9 0.558873 0.184513 0.670689 0.041935
9 0.546292 0.234967 0.645527 0.026784
9 0.55626 0.277921 0.66546 0.026784
9 0.558879 0.328451 0.670697 0.041935
9 0.558929 0.444786 0.670799 0.07263
9 0.558859 0.540574 0.670658 0.087389
9 0.440451 0.606179 0.433843 0.011633
9 0.461744 0.70095 0.476428 0.011633
9 0.5589 0.751404 0.670741 0.057086
4 0.237015 0.958908 0.262265 0.011633
3 0.535414 0.846099 0.623768 0.026784
3 0.42728 0.817084 0.407501 0.011633
3 0.554935 0.795645 0.66281 0.011633
3 0.477243 0.627694 0.507426 0.011633
3 0.499867 0.642845 0.552674 0.011633
3 0.548982 0.665572 0.650904 0.026784
7 0.249097 0.383016 0.286429 0.015136
